427
981
412
285
218
440
188
611
219
414
465
581
334
664
936
399
816
193
290
414
820
495
369
953
639
558
409
503
528
959
303
127
590
819
238
952
625
681
414
294
616
355
741
393
702
894
291
778
360
734
408
277
818
936
768
136
464
929
791
297
235
606
903
183
871
756
532
977
125
741
223
481
877
569
606
433
758
201
982
992
435
228
114
948
869
512
771
365
249
948
456
731
145
278
668
216
449
783
367
160
902
119
421
719
655
329
176
956
971
485
313
210
521
783
988
376
588
291
931
326
444
753
549
474
664
329
416
814
477
579
223
202
302
476
815
987
252
376
974
338
450
914
131
497
151
294
396
707
917
279
686
138
593
190
668
375
741
695
375
371
412
169
444
424
263
441
638
914
516
789
228
422
672
877
212
150
222
131
148
819
297
930
708
420
923
217
469
418
443
273
561
425
556
118
429
138
755
184
538
1000
869
144
180
341
918
723
732
417
512
432
386
196
840
964
273
215
924
194
576
632
690
372
353
775
496
553
666
818
222
557
750
775
924
874
142
795
740
303
507
188
753
199
161
204
554
680
943
205
152
761
548
518
349
879
836
392
639
932
242
372
757
130
742
788
980
586
452
439
457
769
254
498
781
183
794
261
644
395
396
637
780
102
620
749
460
408
263
892
759
616
683
516
182
630
229
519
640
302
728
206
701
498
411
278
737
250
310
974
710
284
831
426
250
285
779
758
623
954
768
385
360
240
715
173
359
453
993
604
253
812
309
555
185
606
421
149
488
801
376
475
566
772
912
569
531
908
565
737
353
940
918
183
143
950
250
337
824
863
522
232
775
320
982
614
406
125
310
794
504
721
422
170
291
821
895
699
772
501
621
556
196
445
605
101
452
175
216
302
955
700
473
685
262
221
357
606
404
525
546
839
167
670
827
483
491
731
424
564
183
776
409
772
133
948
661
270
666
255
222
136
569
293
209
903
814
334
744
315
