864148 4359 4262
923
658
1215
515
556
971
1339
1426
1469
652
837
626
668
520
976
452
1176
1101
518
528
190
1352
170
1150
819
801
698
1081
1414
1349
33
805
924
724
1345
166
1192
1348
174
488
1225
796
1219
287
5
164
304
1340
834
1088
864
1482
898
770
192
106
1451
492
1052
1411
850
933
553
1255
1394
846
289
1102
1479
452
781
127
1040
581
1371
740
330
520
39
1238
1120
919
1209
969
353
222
1367
293
195
749
1306
220
1244
641
696
1324
673
61
1289
807
1126
1097
1484
820
113
394
469
899
250
1393
1171
638
846
731
1257
350
81
269
1299
1316
983
1147
642
55
30
518
1011
1298
930
815
246
431
475
420
205
865
574
454
766
603
685
629
139
197
1095
621
935
901
163
1137
1333
385
650
1395
1045
1063
1200
1147
1351
1199
6
1231
1214
156
129
125
484
730
514
499
801
1054
1127
167
963
518
71
1286
662
1079
735
967
1002
1181
962
459
745
354
956
950
495
482
1412
134
1220
174
309
1184
347
728
418
232
960
592
422
549
1191
378
195
375
1144
161
349
1261
730
519
340
490
25
304
279
224
1463
1113
302
553
750
663
638
1082
35
435
1047
1208
1480
193
1323
452
445
1009
864
639
839
146
949
1176
948
182
173
802
279
77
637
980
1342
1215
25
775
1186
226
1191
36
1356
582
973
1376
1091
930
673
168
668
377
857
862
1242
5
377
889
338
100
1030
286
902
871
432
1181
574
187
1380
795
1398
1492
138
1237
203
272
389
492
847
51
1173
1109
1247
138
1157
874
509
161
190
985
717
836
81
339
207
1167
659
1041
816
554
127
1041
831
809
337
1111
1071
1204
1490
651
1285
160
1492
597
1033
1101
1265
1277
621
176
1328
626
40
79
820
43
1078
661
206
222
6
326
817
1499
562
1286
509
437
163
1162
21
1219
250
109
508
1138
185
115
1475
525
957
1106
81
1407
851
1263
1485
1218
1050
1403
579
95
298
337
436
673
1429
1199
1255
217
468
1144
557
922
1493
1212
501
1035
574
182
915
1467
398
860
684
95
582
1245
1310
1332
756
428
1062
1338
1219
112
1010
497
707
378
364
1049
1228
404
789
995
1084
156
367
621
1417
337
392
1294
1291
490
424
1484
636
471
828
128
1254
358
1057
1067
154
900
308
374
60
743
623
736
86
817
200
1229
833
1459
1174
1282
538
325
531
381
1167
1086
818
670
1298
349
403
1474
1338
1448
1186
53
428
167
1486
1350
955
814
1235
165
134
712
302
1413
1399
774
1373
501
531
1231
124
1423
544
267
489
889
1250
806
1383
400
1414
878
1173
137
893
1173
120
1038
960
303
724
17
1371
440
258
481
732
415
341
1051
25
750
75
688
598
352
856
667
1180
541
574
1212
1337
261
1293
177
484
714
26
1009
566
664
1294
627
1379
1117
351
1460
313
228
1347
13
591
522
45
1461
369
1177
93
1172
743
1271
1408
696
1284
147
339
674
147
1092
556
719
894
559
1069
44
1367
817
1114
1417
916
544
614
1191
322
1335
1442
819
28
690
406
704
1333
1272
1453
177
934
869
484
112
574
511
106
1064
60
410
1442
974
1166
1190
1201
606
1130
731
1486
774
768
703
1134
1172
88
136
487
1326
191
498
1333
928
802
251
135
827
982
939
1247
322
1412
1202
40
226
746
1393
180
373
846
34
906
583
576
969
1180
909
989
1458
1146
881
527
407
160
110
696
367
30
389
550
1097
81
1082
1004
1460
1135
955
323
1061
15
86
1250
516
440
1095
992
483
1247
339
483
1124
427
1370
70
1267
666
900
57
35
204
1205
286
557
721
652
1105
1009
359
922
351
673
697
33
725
750
616
1211
1210
704
300
456
358
471
1424
607
256
59
218
55
948
1190
500
1177
1339
418
507
984
142
1195
211
837
672
1360
284
722
452
577
1039
1081
1133
1261
53
1458
525
704
549
1050
846
603
38
536
1153
979
865
304
1071
913
136
1369
34
1452
173
1340
247
165
1495
904
418
8
950
116
916
1155
193
635
136
841
39
78
1497
1376
1382
617
903
359
989
1235
960
588
339
336
978
706
1245
291
516
603
143
1479
499
82
135
1202
1242
367
352
209
1235
1310
800
1422
990
1495
688
342
1332
566
848
1318
1119
28
1213
1012
301
919
367
1287
528
334
1429
112
6
776
361
1389
1414
1391
367
464
342
923
110
264
1161
983
623
1497
51
522
289
973
849
1212
1015
258
779
108
644
250
283
1118
505
1270
148
398
1356
1427
486
1032
123
1071
1390
1052
585
172
470
747
364
705
1307
670
733
1013
693
36
6
1122
289
1076
625
1065
301
993
109
1471
745
161
1392
1145
997
651
1088
331
81
878
721
1334
325
689
1326
1266
951
349
156
1074
1189
1178
481
1217
743
837
697
967
1225
60
996
123
943
194
1347
1149
838
242
1080
13
55
91
1064
1324
262
1428
770
27
26
650
1408
13
1379
1005
363
576
298
1321
732
254
183
935
691
301
316
449
817
1357
672
169
1029
519
1179
808
1434
219
32
1446
858
1318
487
1376
610
924
944
277
1497
1125
1144
680
977
1489
1388
240
1088
569
601
487
1297
647
504
176
602
855
568
926
1191
1499
662
1051
450
1305
1169
1039
443
1471
808
1277
686
377
1324
1118
1236
861
800
819
36
755
972
1430
1097
570
862
847
293
1144
373
839
1034
160
1459
87
851
640
1207
561
677
408
652
785
25
1179
667
946
1093
1285
1245
1353
1307
1138
649
1014
987
877
95
943
1329
58
944
988
1398
93
247
523
876
1082
1230
939
598
368
441
49
990
257
71
983
1092
327
991
1492
295
1337
182
1056
421
962
859
1430
161
1053
1027
105
1472
116
307
1244
114
21
452
957
1305
665
1446
1498
1433
822
900
1265
1165
929
977
1030
736
1029
512
368
835
1127
1190
915
1370
726
871
1013
678
355
794
1180
265
832
744
660
1311
686
1199
388
1458
374
999
598
1397
1205
773
518
571
584
402
482
102
81
1138
1203
362
709
756
113
146
78
1191
273
813
376
1221
1012
841
515
1416
256
789
1415
1485
419
317
320
1217
1156
138
907
1396
643
367
1148
1326
1320
546
298
142
534
1366
989
823
348
608
401
1419
696
426
810
1381
342
1363
770
462
491
1019
680
846
328
254
1423
1386
223
1203
736
498
233
1089
375
1109
1279
206
594
288
425
808
1336
202
183
569
277
584
559
218
577
841
758
434
670
1230
940
584
923
6
520
1372
531
624
1455
385
1235
45
861
1016
1423
547
28
1428
1112
607
500
680
820
112
261
770
145
1311
573
772
176
1115
1357
590
677
371
858
600
102
48
1419
121
789
701
1461
1498
257
1001
958
497
991
741
108
156
709
192
377
274
1051
1007
1319
1063
508
416
294
1079
818
319
200
337
102
1277
736
1000
1121
875
1077
193
634
337
1479
363
412
1394
397
1001
470
1306
550
1454
1023
520
766
797
1010
77
790
1464
1391
164
1308
903
1230
453
120
766
920
1063
1413
770
514
168
759
214
1443
653
330
988
1248
1471
1167
166
1382
973
956
86
1406
590
1374
1168
1289
477
1057
148
253
1260
891
1293
1126
1382
495
1097
1267
1082
1161
1020
779
63
671
13
392
356
1177
706
111
925
277
794
94
88
18
685
774
1139
1031
790
1290
547
416
367
1379
1121
900
599
1306
177
1397
550
1492
1331
1225
358
1026
204
359
1259
1153
1217
379
435
73
1108
707
1492
83
1239
613
467
548
152
744
1268
139
833
608
1038
882
166
371
943
114
735
337
477
884
190
1184
981
377
238
805
1328
1240
1494
1328
314
415
1304
1272
79
620
455
685
1104
274
999
1163
653
139
687
563
1446
1049
293
1457
197
279
687
6
1077
922
696
810
481
1411
1318
995
1327
1179
1453
956
438
264
1321
1186
1023
1494
1132
376
1094
641
1425
1011
374
361
952
74
311
299
1013
498
1462
583
731
808
616
1108
1372
131
981
713
1306
724
1326
491
90
586
79
384
478
1291
618
100
25
982
625
688
858
618
1171
1190
769
1239
531
113
242
1259
57
1418
457
88
1043
537
707
757
1391
233
1500
1055
24
162
864
836
107
317
1411
549
679
553
1353
938
392
694
786
460
1132
989
46
1395
1004
885
784
145
821
732
264
943
1439
1116
300
607
556
1355
342
185
106
1075
889
85
146
237
961
536
477
797
1149
1326
241
1227
1165
1061
615
1157
601
912
113
780
290
53
258
96
833
484
1333
1344
434
617
828
378
543
975
1009
374
1350
979
661
535
225
914
89
1430
672
735
873
135
1233
1379
538
120
1023
514
699
348
1000
1206
559
550
1303
1369
550
764
1187
945
148
414
884
442
177
787
1478
1138
908
1023
600
416
1355
219
1437
294
1403
976
989
1225
1037
951
1310
527
1065
1227
864
511
652
193
830
120
192
663
21
705
244
410
454
1418
474
1257
416
627
630
143
45
1064
697
1016
1494
1140
425
578
704
681
33
616
334
1467
1199
361
1074
1005
1275
863
945
1243
932
58
737
1287
455
1493
463
899
202
1022
69
650
384
226
905
784
332
687
1147
242
987
1202
1309
418
1013
1152
983
968
1280
517
387
294
99
579
233
573
327
1428
1266
1234
416
1102
1232
473
845
908
303
1155
1405
1110
1301
1177
1283
265
95
1134
985
1445
118
527
664
1304
95
1101
225
451
974
816
672
890
628
631
939
815
553
684
613
236
769
872
1243
1335
318
579
656
964
1247
1042
1111
1283
1361
362
1227
997
1008
973
10
568
1457
466
941
78
786
791
736
1247
261
269
957
947
576
1019
1498
476
1046
711
348
1249
642
932
9
417
715
322
352
1461
821
557
1397
358
718
485
36
47
1218
384
1306
313
177
939
1239
873
136
1265
167
1136
362
709
1308
844
418
1045
1043
1217
371
952
1055
468
70
413
1319
394
298
603
968
1180
291
990
194
1309
439
307
275
1020
285
703
1074
1399
458
1020
304
1148
43
1338
493
560
1355
1083
1127
369
452
39
1499
547
383
1070
780
22
297
1143
1243
1451
1375
829
1188
1285
1041
609
521
246
900
927
222
757
228
1100
1221
265
688
1469
660
1089
119
1022
207
863
132
991
513
1218
443
1326
473
94
1192
1408
574
1122
831
366
135
1135
1475
834
1333
1105
1158
1449
405
247
254
1310
1433
1219
411
446
770
1135
986
278
485
1401
1017
473
382
1440
1005
994
124
393
1282
389
923
858
1173
1335
1099
1259
167
242
1127
839
1414
774
706
28
1495
794
279
5
475
1019
680
1122
352
595
234
299
542
1326
1497
520
652
436
632
330
753
908
1076
656
1260
1442
1098
702
760
1108
1398
309
97
1156
1074
993
449
921
1021
1394
39
829
1366
357
158
1053
824
1337
1391
801
1478
838
1420
78
497
1377
286
278
816
851
39
108
834
1122
1178
323
1060
235
1401
52
1311
536
1212
1493
199
1412
187
938
200
730
1099
218
1244
1399
1028
169
1450
1290
883
895
1231
179
1405
364
1147
1446
1337
436
482
314
652
817
752
1365
1079
730
137
1362
1376
167
1460
142
204
55
1358
752
1286
1093
1095
1301
1399
190
929
611
276
622
346
385
439
368
492
775
1016
616
946
448
335
724
1312
1074
96
438
500
86
217
1390
410
1444
509
671
415
814
245
98
1429
1022
753
906
1428
105
948
1422
322
628
826
294
1183
1176
156
1468
237
91
1380
372
1459
270
661
1111
1320
1475
1093
659
477
970
170
1292
557
1177
370
1314
1365
811
1436
1354
17
967
1392
199
610
1288
97
729
676
1274
1455
22
317
21
702
97
217
830
455
183
112
451
418
549
156
433
1460
1314
183
721
1472
517
555
46
631
1412
677
1032
1270
401
801
14
301
1179
981
563
274
1264
1355
1271
1291
673
1232
698
490
1045
292
258
12
1104
291
1177
441
889
1464
21
916
141
1184
1074
845
1370
127
1443
689
454
232
536
1116
225
865
1156
1241
554
1308
715
1016
358
254
635
1421
228
1225
933
461
248
846
1267
172
1280
1010
653
922
1395
1223
130
1489
556
849
1332
412
895
590
29
399
151
120
479
339
1272
839
824
518
825
267
682
682
937
105
1003
83
96
475
323
331
1190
1253
914
825
1222
876
1421
1125
905
733
521
169
1058
1232
597
893
1212
872
720
1047
1417
1184
1231
1444
214
86
976
944
407
267
216
386
644
1315
229
1048
1186
1148
10
871
1396
1351
786
1320
360
921
1470
1364
1203
786
928
433
295
229
1275
1008
927
619
862
1221
1019
1091
53
989
197
751
210
1166
1479
1147
310
526
285
1298
1335
268
835
1328
207
755
880
1319
234
950
468
1144
996
1272
1364
1230
1226
414
1431
764
905
977
902
963
1002
39
1137
531
929
475
201
84
133
1345
1138
911
1379
1194
1478
496
453
1415
1473
1478
1153
1290
497
479
737
1219
403
930
657
1351
880
1308
146
664
1469
242
1074
1326
1437
1203
1396
1154
1268
846
675
887
145
236
812
1095
555
68
747
66
331
1337
1330
857
243
486
94
1295
1404
1463
1487
25
386
103
1371
1205
633
281
1057
109
580
57
841
1186
24
531
1127
52
678
387
952
1220
32
405
479
501
1159
171
1481
168
1493
1400
696
217
66
1364
830
194
1425
508
808
336
878
1435
300
701
837
890
344
946
1252
613
93
1484
363
889
382
1325
1006
425
1213
610
371
1211
10
344
74
1057
943
535
227
639
299
756
242
944
170
1287
588
1498
1213
203
775
440
186
817
801
425
1220
572
955
81
534
994
958
1139
805
402
839
608
1324
998
245
75
186
925
816
1377
1061
959
832
812
973
1440
1068
1383
705
1252
818
1175
878
1150
505
1475
698
483
673
23
800
752
1275
1021
816
379
812
1215
1423
832
837
842
786
64
877
824
1250
1035
1052
698
1201
1464
1477
207
536
328
963
536
1458
665
487
913
610
961
1147
139
397
1491
1467
139
865
1112
515
1080
1460
1200
471
440
361
1174
1025
1489
1388
537
319
894
80
658
797
959
544
260
1258
587
865
1287
626
362
1347
1313
1044
1106
22
1235
1417
1015
118
1109
447
1323
81
334
1434
14
1185
524
248
849
597
1318
1388
768
439
844
108
1333
384
1457
676
46
56
683
165
1100
455
614
153
47
1165
564
409
1197
299
251
763
1419
676
1359
935
412
1369
1210
246
1200
859
431
64
602
1499
342
1035
416
1222
704
1196
348
209
168
519
6
274
1311
91
745
1053
168
377
695
241
230
29
1040
1129
1005
563
670
690
9
1418
8
1068
539
677
872
267
43
768
1329
978
1166
1191
104
22
397
1324
234
775
942
645
1264
684
1270
1498
1145
238
1243
598
1226
833
528
645
1306
1233
689
417
781
1231
813
971
1429
489
936
1454
1375
226
1397
939
1221
1178
1118
364
1132
1206
363
541
981
327
1042
791
780
355
1447
941
732
7
1003
281
818
1265
1415
442
502
1152
1176
851
1325
668
659
852
609
580
1177
533
23
306
35
834
33
674
901
1371
967
458
1119
1338
989
1413
586
661
905
800
1347
967
635
786
736
691
576
1349
752
193
502
577
38
208
252
1076
984
264
154
1256
1311
1038
596
1423
1475
652
53
906
1066
565
460
198
503
873
1473
50
1162
1211
447
1307
1002
1213
1467
530
153
793
866
270
839
1013
1253
1190
1458
568
1499
1163
1434
1260
1074
1069
15
269
653
952
802
187
1429
877
340
464
168
520
539
268
1049
804
91
564
739
396
511
825
493
701
125
1343
189
255
1028
1007
803
531
196
1085
308
258
1315
1267
905
648
1255
1001
1280
1313
1020
936
292
1285
168
20
227
842
1493
434
377
1247
1054
178
855
1253
926
326
1025
672
695
591
611
661
846
886
1022
260
422
1477
1368
1468
162
540
447
376
234
723
909
489
359
485
1340
1492
1339
483
192
314
371
1315
1325
1094
86
596
1346
1234
1072
488
678
704
1190
1240
546
1000
1490
287
489
316
1118
1420
410
1146
325
36
54
1190
455
919
1500
553
530
250
1454
257
71
1254
420
495
1082
646
1156
798
1024
1088
260
1156
297
618
610
1067
1335
379
913
840
827
637
75
579
643
578
1499
874
30
122
747
338
1080
684
993
79
71
238
257
223
89
144
1034
941
216
697
1101
1368
1371
12
532
608
1403
637
95
603
1313
1397
1176
411
1180
101
1126
47
1261
551
1198
66
1210
1168
1085
1098
660
465
1187
1496
1150
1424
369
237
933
705
828
428
868
1277
1060
251
452
209
560
192
467
1173
67
272
176
770
81
411
1222
959
496
1113
1331
1445
329
272
900
720
897
1319
1346
968
1386
338
1290
215
65
1218
214
1236
1189
1444
1071
1444
1421
270
206
99
100
582
357
948
1237
1267
414
1224
497
1433
1259
626
571
155
310
516
207
1223
1055
35
585
481
315
753
402
27
444
851
622
1131
862
1115
1011
677
1379
423
1107
789
1439
704
1095
1349
181
309
834
970
584
38
1226
49
660
951
842
132
25
1285
382
515
868
300
536
582
359
813
707
1499
1164
766
157
588
50
713
705
1362
459
298
1023
9
27
394
301
858
1047
337
11
215
1413
300
857
102
1386
817
1073
664
1081
70
898
1497
857
326
666
199
749
820
753
173
332
102
907
257
1277
137
540
392
1044
555
1448
867
27
759
1003
1139
1212
116
680
1153
384
587
707
1099
1100
499
664
838
134
341
172
1480
631
1092
590
160
1188
645
1090
87
526
335
1105
579
1156
529
250
72
859
1437
811
1275
318
992
721
1044
247
10
679
848
160
467
584
402
214
596
726
1313
937
1260
1432
303
832
1111
413
535
410
1269
1309
562
1309
649
1200
1210
1183
327
1209
1031
1054
955
215
1160
1351
607
1119
1335
947
1354
127
1437
957
1322
795
934
946
1315
306
1163
376
562
1456
668
1247
498
287
315
317
7
1012
511
1071
1040
67
93
1024
418
1240
1079
600
959
450
992
186
368
1028
844
1247
1244
1270
689
951
98
1073
458
692
559
245
1083
1475
501
1259
866
736
1210
153
1357
780
1299
1453
944
48
129
532
434
151
1444
1326
620
948
426
948
878
718
982
1069
777
958
631
8
38
501
157
692
903
1359
427
1005
1197
792
781
223
500
502
1261
599
680
340
1426
614
818
620
120
674
1136
871
37
84
1116
196
1351
1473
1366
581
1155
1369
1145
78
940
447
714
1013
901
1487
681
905
901
472
482
1057
710
1490
873
574
814
775
7
283
1429
174
1026
510
1079
105
1316
737
1265
902
112
996
1062
598
656
1248
1047
1338
1238
174
1184
1039
630
905
1011
195
1339
1467
253
524
736
842
72
1209
352
1494
1305
719
675
128
1061
1000
395
206
1495
1132
1062
123
492
1040
1017
359
377
1343
1132
775
1297
1143
604
1450
742
1335
1049
439
743
1370
531
669
69
74
369
1370
153
17
133
962
77
1403
690
1068
1259
1453
844
809
1274
686
1299
709
1341
1396
607
897
29
1127
1383
1472
1447
317
687
1240
1248
1170
1381
1447
736
1472
929
1349
765
253
823
268
82
237
706
1024
571
1472
1017
1018
176
517
723
71
709
937
1216
495
578
176
1371
1124
1459
1025
801
1099
1259
759
366
1123
1249
987
202
1204
1095
1480
270
616
476
533
986
1400
350
839
158
1083
116
16
332
72
532
14
557
907
1274
1157
123
511
681
313
895
460
699
460
477
482
511
1250
1179
1304
1316
952
1145
1273
103
1196
1363
12
626
1286
813
1414
470
1210
1160
501
1178
935
822
1051
307
896
844
175
1267
412
468
39
1202
613
1160
312
235
258
841
840
294
1281
1169
53
431
886
1173
917
635
814
789
1311
498
1135
952
1138
1089
1393
42
814
1311
197
880
119
80
177
1340
681
1376
37
528
621
415
1090
872
1063
1151
161
416
649
1012
1472
1038
1398
842
639
1156
699
904
756
1149
308
154
434
798
39
621
977
861
917
718
919
689
9
337
812
1180
353
481
631
547
1111
735
1425
1048
1315
1034
1424
1394
329
868
1422
227
473
613
468
259
493
946
913
805
188
1195
1000
1488
474
975
54
1186
775
1364
1105
1109
874
850
965
337
122
436
1012
448
830
1427
892
855
380
595
195
416
449
1080
966
633
743
765
1048
1261
63
285
529
145
634
1251
997
372
80
1013
370
431
1167
743
1292
975
82
1155
547
521
230
697
362
663
877
230
512
661
356
752
630
1144
1023
559
883
203
976
43
1399
139
1311
459
598
69
156
835
862
1201
520
586
320
462
890
638
630
687
851
1431
241
507
511
914
758
733
492
1393
530
530
1141
1431
62
855
1394
40
1491
1456
1166
1065
1192
635
689
257
482
25
472
1405
1184
1238
241
37
812
1358
1376
1249
537
564
1408
414
440
804
1202
52
1351
1360
232
873
1257
213
1126
111
1276
193
967
215
327
928
1308
579
1372
1214
64
588
273
748
1079
956
259
1237
442
1414
988
1375
884
732
312
591
998
1313
910
999
309
587
398
218
406
1213
1376
465
799
897
1115
522
712
1123
427
133
204
1237
1407
1376
338
1004
155
683
878
465
25
1199
1315
1019
409
119
329
336
636
371
976
983
1053
945
890
304
1106
710
742
18
1077
894
780
1225
1478
72
638
928
429
363
636
1221
1133
401
606
642
971
154
27
1495
962
985
1451
971
765
525
564
486
215
1372
1370
227
127
1373
1052
1480
824
1058
947
1450
1013
445
440
1124
476
688
268
1280
1193
351
726
639
18
422
983
613
34
425
1060
122
722
1247
965
1175
246
387
719
1292
857
1452
508
1442
294
412
107
1247
1239
776
854
40
969
1461
403
1279
879
1030
1145
1274
137
947
10
348
947
580
557
121
1358
9
483
741
1314
721
1291
869
637
1122
1289
515
457
1206
325
903
249
774
727
1156
182
91
79
1495
464
768
990
187
165
559
1374
1094
793
499
526
239
829
831
171
522
1422
623
185
791
1428
1089
749
591
20
1001
1440
166
527
1448
200
1379
1019
790
259
604
1350
362
1299
246
324
90
1390
108
1154
580
334
1166
1016
1325
713
382
363
707
595
442
950
1498
622
402
592
967
1136
309
1176
371
496
1491
1325
413
792
1429
472
1100
909
1251
1223
350
1144
425
1468
647
609
1318
978
1155
678
1314
980
8
962
57
540
895
1358
445
1265
1285
903
130
525
1043
1247
501
471
558
843
193
665
1470
1332
448
796
552
800
269
1431
659
669
383
206
617
1325
1444
1062
381
1171
