864148 2491 123
347
241
310
437
535
294
146
483
196
433
511
14
390
35
567
448
390
53
269
438
333
470
118
251
308
320
30
133
80
406
134
466
548
213
573
182
411
595
526
106
582
328
334
134
539
44
544
567
171
170
252
103
418
492
105
589
114
306
442
84
247
412
88
78
21
534
362
332
213
446
453
572
139
17
437
538
285
65
533
530
535
464
230
490
119
18
562
422
45
350
566
470
393
97
328
149
529
205
93
178
152
527
64
489
411
417
305
108
476
600
567
356
413
540
38
566
239
171
583
454
217
87
277
396
230
395
69
508
316
398
79
421
99
576
385
341
211
347
32
283
341
141
493
368
227
188
193
581
116
365
168
358
226
10
595
122
212
223
272
561
579
508
461
118
573
303
342
180
381
417
458
478
594
216
45
562
423
582
598
175
446
115
45
460
372
213
162
367
146
250
150
34
112
368
493
250
64
401
143
57
42
14
136
84
139
449
391
241
123
145
405
471
82
499
118
339
157
497
573
452
379
477
479
55
378
522
383
6
234
317
363
593
89
46
311
453
96
337
551
536
282
36
428
287
58
361
364
186
206
305
348
553
575
496
73
191
502
570
96
406
474
572
388
111
243
261
404
465
52
43
235
453
238
505
411
580
390
199
496
434
232
34
421
77
255
429
406
537
47
500
7
74
481
104
210
339
548
590
591
445
61
401
425
539
264
459
172
330
507
338
254
438
425
234
59
230
371
566
116
478
256
426
515
580
37
337
251
393
451
300
391
500
126
266
103
296
475
219
127
483
468
184
92
523
270
250
458
229
536
48
306
11
89
490
80
34
82
176
522
351
520
224
174
375
158
238
186
364
38
461
480
510
3
27
201
7
500
377
426
120
315
319
229
240
45
77
58
283
597
496
120
274
108
309
337
554
520
501
490
67
552
274
388
99
63
432
42
112
333
190
316
302
28
432
550
518
581
576
123
1
518
404
276
243
514
520
369
231
196
215
302
19
236
45
81
528
346
467
82
58
161
305
341
353
486
536
507
437
15
25
217
54
42
17
297
351
81
113
528
387
111
422
248
27
297
583
411
271
488
69
242
379
25
248
412
530
356
63
526
126
181
121
516
375
539
426
461
437
269
47
256
432
487
431
229
75
276
223
210
338
515
313
338
199
151
417
137
327
476
366
534
412
144
476
513
565
502
281
280
56
95
545
285
293
464
448
501
462
346
521
459
451
221
104
471
329
244
209
126
183
243
207
429
198
73
368
269
449
426
95
522
159
350
494
520
330
299
238
515
408
70
7
9
24
360
223
508
48
157
188
183
315
284
331
75
455
103
292
21
39
216
289
90
506
254
48
337
413
325
205
14
371
53
545
343
419
367
168
150
417
10
430
284
550
283
208
27
523
70
540
443
84
303
207
373
510
158
425
201
310
215
350
497
16
362
545
567
220
411
149
265
127
155
175
138
134
211
462
591
63
357
68
22
481
448
511
360
515
568
298
367
274
383
550
350
339
551
61
121
98
180
40
241
175
382
353
581
590
497
61
138
327
538
356
230
218
600
259
450
390
176
82
328
9
419
345
291
477
507
148
523
562
459
385
127
357
258
299
269
26
512
167
464
116
238
80
176
57
490
390
276
409
396
554
36
587
283
31
476
404
38
419
159
336
169
571
543
173
78
407
597
227
193
495
132
172
589
521
221
11
530
25
144
320
83
186
486
464
248
48
241
558
349
177
309
514
591
157
286
316
142
598
117
102
499
84
449
521
409
309
492
429
278
421
585
595
65
27
71
294
536
175
462
433
377
498
480
33
378
535
198
191
28
110
30
5
303
472
24
327
155
507
244
217
448
565
475
596
311
76
327
463
443
252
434
478
198
400
35
333
517
491
155
362
582
489
402
429
342
66
89
270
383
363
484
585
567
161
535
58
488
345
405
57
255
479
595
18
368
294
516
72
394
317
591
285
249
63
570
368
327
132
542
404
281
268
190
461
133
353
492
17
333
74
284
169
534
1
506
190
229
224
581
221
208
311
459
537
421
591
192
461
377
136
152
114
507
42
91
89
336
161
65
438
8
432
432
143
51
262
23
512
221
501
347
488
224
263
543
484
181
223
565
15
416
215
124
425
345
272
68
534
320
70
100
428
66
147
33
481
557
148
226
293
57
391
259
147
295
272
160
111
100
476
95
551
338
378
56
76
68
346
97
222
123
582
318
579
507
376
356
264
406
308
400
503
450
587
368
362
436
116
55
239
369
180
498
28
183
254
7
584
301
59
258
194
177
509
70
594
256
57
149
532
262
164
231
165
153
326
304
182
568
365
545
59
145
36
282
168
193
100
512
384
328
484
441
377
117
539
275
192
27
597
242
402
135
330
339
498
541
223
531
308
386
373
368
522
522
13
116
592
573
170
383
242
318
263
545
20
248
261
450
443
244
103
482
483
205
575
152
192
399
431
385
166
277
371
462
375
129
597
159
282
312
382
254
521
477
212
50
217
398
157
385
387
188
460
355
231
93
575
567
84
442
35
63
470
248
320
413
497
103
572
398
489
440
160
222
296
284
441
582
205
497
446
34
391
268
280
42
203
210
499
329
62
59
414
581
125
453
384
441
222
279
396
469
124
181
116
32
264
221
272
73
255
333
206
535
172
521
523
314
89
451
483
192
256
6
33
516
451
522
523
463
163
261
340
558
411
353
36
461
282
419
374
133
68
306
516
517
48
179
444
158
90
420
454
330
235
509
71
466
485
511
157
275
434
14
584
381
569
136
233
319
553
269
104
454
433
292
152
299
593
421
529
128
213
205
519
32
539
172
489
584
124
36
292
451
354
438
148
495
158
199
433
391
77
482
136
505
568
431
188
359
172
582
455
527
41
483
573
377
310
574
405
299
156
349
591
322
56
402
545
259
475
470
539
175
292
175
194
174
595
166
259
521
350
104
103
150
210
3
226
191
417
391
99
506
246
569
156
570
485
124
549
516
353
219
289
388
529
116
175
306
161
9
128
516
486
68
559
289
273
530
269
513
348
124
12
522
430
133
132
50
339
584
410
1
320
477
379
560
115
341
183
477
310
511
422
149
324
147
367
344
582
292
506
99
369
255
316
570
590
565
402
312
50
366
580
181
562
266
243
285
170
519
277
352
194
97
265
42
200
109
363
200
164
357
222
553
360
519
22
292
363
401
400
34
161
172
556
315
224
318
578
368
429
551
427
14
362
475
485
221
29
49
482
107
221
470
533
223
79
289
444
587
335
534
86
112
191
355
540
85
251
407
79
293
79
212
215
179
235
373
531
264
293
132
536
80
171
407
369
422
242
142
316
492
580
179
435
237
81
94
566
353
331
544
366
468
139
287
276
120
453
83
301
576
238
13
174
484
369
245
590
488
435
43
558
591
90
465
423
259
391
27
568
478
295
443
236
259
194
53
34
159
519
394
551
72
96
273
209
432
14
365
525
523
493
426
196
383
597
407
255
193
428
231
599
242
435
257
395
189
199
315
162
68
290
451
588
381
567
307
135
29
263
113
53
256
24
468
242
324
273
88
138
369
480
68
308
132
388
175
32
474
579
331
23
456
20
480
365
527
346
201
216
594
81
27
464
373
81
360
20
176
82
115
297
349
131
395
543
441
580
345
363
511
440
364
384
452
224
379
218
576
567
292
304
439
314
487
594
134
177
270
535
452
397
411
298
439
430
264
92
346
146
455
428
106
234
298
222
412
230
358
46
132
314
168
122
480
519
423
572
384
417
319
477
234
542
523
324
124
87
290
258
231
439
493
413
363
116
585
239
521
12
303
249
348
337
444
452
498
504
255
308
481
277
487
580
164
410
78
457
250
226
160
324
442
58
38
33
394
465
95
449
19
285
244
491
371
499
289
513
17
441
155
405
186
194
149
107
158
87
572
546
391
173
45
536
283
290
60
5
268
107
531
315
594
387
537
535
469
23
508
122
141
27
543
92
594
472
231
261
306
95
347
257
501
122
41
3
296
103
226
501
453
508
514
234
349
386
395
81
64
564
429
418
77
376
73
310
568
539
102
99
63
25
219
431
185
219
537
216
564
516
115
153
572
446
136
424
54
469
258
14
297
222
34
369
467
78
439
129
483
599
495
102
527
233
172
388
338
324
267
64
210
313
34
79
261
113
69
394
439
472
130
507
76
450
466
308
589
30
483
270
279
1
585
340
504
559
497
179
455
178
197
379
575
225
77
39
453
61
270
291
181
330
123
521
219
595
98
32
586
63
477
85
106
249
376
363
524
373
547
302
260
372
528
339
223
452
511
183
265
420
519
79
275
206
3
50
573
304
387
71
443
500
234
310
6
469
386
49
25
444
23
326
216
448
316
376
180
553
190
532
354
450
260
89
16
27
181
131
542
552
243
147
384
119
579
306
185
587
119
530
594
95
288
497
512
367
135
90
7
67
79
561
426
108
524
47
280
462
548
309
292
265
177
424
306
433
389
523
276
96
72
204
43
207
542
304
533
523
262
353
443
23
227
113
549
502
261
108
64
159
90
538
353
517
269
209
35
499
507
517
362
81
571
216
35
488
583
123
74
205
112
454
360
241
501
115
138
462
159
411
431
186
286
385
554
374
326
84
21
449
29
393
5
226
569
181
420
577
113
490
302
224
273
457
160
351
161
305
438
460
580
398
46
122
557
415
264
364
13
163
536
398
401
17
513
396
585
206
288
356
196
429
282
175
47
557
358
251
481
496
443
146
42
2
436
136
584
196
579
539
426
86
81
130
222
40
132
254
378
433
29
367
587
453
189
367
36
117
242
315
254
108
311
18
74
237
286
425
240
439
161
557
247
144
468
373
437
521
464
528
125
578
283
297
293
46
353
479
407
71
482
371
67
358
83
582
451
292
305
150
10
572
357
219
239
191
136
279
234
366
327
564
249
404
351
164
271
584
113
386
299
465
507
212
497
561
510
500
176
518
432
43
541
380
345
111
318
269
555
8
217
11
438
442
248
116
15
402
175
449
140
196
73
253
396
595
67
98
200
245
597
145
422
560
159
8
395
293
442
283
524
265
255
331
384
178
139
475
594
269
96
437
223
537
459
326
580
366
330
276
303
27
258
545
157
121
93
330
366
169
531
66
81
417
307
21
530
598
38
426
112
111
491
38
389
50
69
145
37
599
530
247
163
486
160
360
464
24
158
285
591
401
517
371
225
106
281
251
573
307
125
119
98
526
493
412
21
372
525
294
379
103
134
585
554
156
383
475
240
467
42
168
262
563
525
348
529
287
579
20
483
106
130
162
268
161
147
400
241
192
547
419
454
5
192
315
365
459
211
558
173
594
197
196
517
144
141
21
34
582
55
337
538
477
243
212
553
59
522
160
159
351
409
78
37
440
344
479
526
307
207
282
109
514
47
52
270
356
132
50
282
368
595
378
543
390
287
374
315
150
155
79
69
126
517
203
352
549
168
467
318
563
56
13
557
91
94
116
401
313
221
122
85
91
160
508
205
350
362
61
143
445
441
281
319
327
464
370
155
518
320
387
589
574
347
541
293
361
251
568
391
250
243
18
178
27
485
282
261
277
548
468
394
66
41
515
32
330
180
172
499
379
50
234
406
8
544
463
435
145
94
215
188
573
532
257
481
171
253
198
438
498
512
545
590
317
435
13
115
457
508
303
154
