1000
812403038
8873176225
3287199049
3549349319
6857648731
8715273402
7281141033
4515803167
7012562594
7076504175
9455188552
6213735284
8404700822
6707611690
5672214883
690848977
1307683781
4637255918
1316851046
2578412851
4291905464
2847894194
9266388560
5955124635
5581627551
8749316521
5993945529
7281964418
3802497024
5559580914
8606772671
9383735813
2738273889
5274313509
1536576985
7542887346
6953862232
5560361453
3808922091
2529538937
5458653276
7395834106
7287509955
8594888261
191197242
4148444527
7266596276
7088370233
2770635675
3775514915
6406766409
2932353777
6602234756
5084386472
2442048246
8174734003
2130391989
3079146668
4184984734
3004761792
2646404543
6934287162
6318531621
9599354484
8321528394
5493772552
6851383904
9559377402
7627879449
1499854869
5991803122
3934409693
5951613423
1942313123
9232401073
4032114966
4392646905
4405107837
8245286423
9509727746
615727815
5492730378
7362019296
6706787398
6698372673
5944959779
1285643226
4711221249
533584299
5471938734
1376732934
561234359
2328213662
1827537288
251800819
7994265215
3041209939
857521400
5226673653
6535859080
6812769697
2020
165659849
2526413346
4828715265
2685229641
4499249724
8595373171
4604199230
5545037023
5681871039
4658420250
217417285
9125035061
6762305179
7010437686
597463560
2926209321
3653787955
5597674227
5847303948
116220584
4783516524
9977292156
7567228582
80915538
2997583850
8879493776
1090187723
2201507936
3737417889
8499513608
1629018311
2793965479
1569019953
3774348000
2180466609
6745316764
1967273584
5094897184
7461172239
8307491897
8956883071
6660824725
4700577936
9609129088
1142684581
1143247448
9228806236
7579589826
21200
4306107449
5301784329
1873118024
6586719643
4668407125
991202138
9590812143
5504267444
89250150
8165801162
1093306923
5833388114
316087399
3239079191
3954775063
8776628775
9552732050
2179819014
5183825910
162874292
2669836200
2692208592
9695140883
3500215073
9351266971
680339384
3239199656
5262614797
552022778
8405879542
3072744238
273546030
2394457150
5918470852
2694229130
4347960347
7558418605
1574724143
8813226815
4163056187
1272062953
5859331261
424743638
3984618408
7506794929
8360018516
5268882881
1589852997
5042645397
5506099072
5800658246
4958068076
9007597673
9502819178
3727645358
8991317973
8498828098
2441967014
1866918538
5276689962
9317931217
4343238381
9665525562
1684882753
8410837024
1459808187
4659260406
394445968
2091100434
6159842054
8461362386
4820947069
176305088
5884335266
5255300075
2069166933
7245125271
6585657379
1213779412
2712885790
9960994898
2953262957
9261644594
3889274863
6045208268
5628784295
9186273752
9768886369
5573010056
6640512455
9162144446
3957368485
1907221552
748208064
7621129339
8551320607
8068807618
4110514283
3400012842
9803844250
1625564566
2902768721
9506438783
4967114401
4744992804
536286186
2276064615
4671321852
174222200
4601016620
8532852926
7172962761
5518700673
4979790100
4663487234
4170525163
1512285476
13080633
8938781707
2402573844
3219110772
1960358362
7433809499
9098487038
860961775
4582031547
5196546422
1547558009
2603120255
1310216214
9135322505
5860187017
84766519
3462367183
9408280973
2697951938
9342060377
6109000811
252976312
1978444270
9823031944
6622495166
5372182467
8592812304
6570719779
2306946960
5539378665
3457043749
911489383
6025929697
3402277003
9707647726
8030047268
6366898504
1463751030
6199066515
6735220017
2271199073
6667541118
2800997840
1005498388
6648708888
5648408809
4851506562
2295331330
3687737308
3623978245
5036309617
9877169792
4755240357
9054800637
4573299213
1076849736
3211000
9089385742
5830706646
7517853444
3585752869
4980503702
9795175279
6817683961
5806237887
7102213948
4651821221
9052922785
5262936213
4548163717
5399485
24774685
6859136366
6511908014
9595322071
2674282889
4560729275
8440213170
1981766434
2429545692
7951969967
7072065056
3377126005
5488111596
7637717616
1729877633
6107088567
3186022837
3164505879
9404838209
1210180730
8039841756
5535486976
7727537453
8098899014
2893455340
7715664209
9835304017
8668398807
7677051566
8828903830
8760766942
3206011171
9916644475
5800651552
9205490377
7902405934
7001560134
3597494907
3309440604
2563951933
9470326628
6591294930
7601410878
9138096464
6718470225
7319537599
2265185632
9775334988
3070603707
7792036078
1942941602
6891474653
6116752217
6270189026
7440992938
2142241356
9759673519
4846321994
1627657001
3484989556
9380988768
855280497
8673662970
966676918
4081329830
2668644106
5509840511
6613708879
980626651
5738252021
7338516126
4754753968
2772766289
2194963109
6581410129
1731681718
7944717671
6133884176
8962145078
9432115744
6885852366
42101000
9910117130
1866233995
5954594699
1044111764
6494548399
9910914350
781851380
6043962450
4138785154
6794286028
7412000954
896181904
4278525687
6304934413
6660384789
6950621286
8779078663
9800482572
4959817130
1746002066
2007710961
7652438841
1073364600
8907822417
6178623176
4371512858
8032769343
991046923
4253877975
5736169197
2384861574
9836701481
283747567
86873049
4991550712
8289776499
3490687945
177762929
993965026
1851744092
9796838661
7079142915
9267877937
5694374251
7699681645
5720658982
6582679665
9943206680
8798369955
861120185
2934744972
1127776909
1512680494
3628577848
7406817631
7046820616
207215003
1316943330
3466981727
7461102189
8142735624
6452327018
8918356754
3130783400
4552782936
9621021031
4448664455
3434964135
3597460558
9894383879
9078930480
2220660628
8407764229
628195881
6123740029
4810414249
7936025024
170620999
4466896824
9478337815
9979316420
8215303460
2073435930
7720573131
2386078039
672636428
5149539938
9435750920
9347022028
5151525676
8773407317
9695336195
1821208
8886334191
1633594875
6408071847
4113794690
7334222658
1057566284
4749856251
9649910144
93477791
5400782228
1152120827
9978366504
6746331295
7013445036
4334657793
3126823523
9317661816
9532585865
5708746705
7328178892
9179535161
8135951097
9396199539
7671914138
9410099304
5874076876
3247729871
3878268743
2534858901
8253279544
753667445
9058186239
6385005357
447288513
4423844156
4016993841
9112140564
2703491117
354710941
2477044906
1902111629
1863671169
9702982678
950231857
1905339702
5144354965
249609588
9866455656
7123863040
3036432698
2370297410
2189537546
8007769436
346390425
9350891387
1347390108
638034891
3332823412
2589532494
1467175072
756534565
4681565933
816833951
7850440540
9837376797
145505576
3752086460
9637924297
8448527755
4381874531
9870092467
1850114983
7302424013
9417352732
2105534224
4051830154
9780198751
4141774249
823047025
6776753068
6765645630
9260258190
5213504701
7068929109
7677758220
3092615539
7598405279
7155057989
9598125901
7185451753
921667827
4125775534
3147540198
2418247736
812245615
7140162170
5125991607
4735252330
2457881559
8741915352
208399178
9476564605
515696638
9488565571
3408752242
1220231788
1536875663
7846325505
2355962284
5748182320
3156067717
2001235902
8746796602
698168369
4428257412
6371285578
6847061795
6142133496
3283029097
848320940
6539420457
3842144670
4265709115
7823433697
3343115509
7929660983
7800660102
1394696203
8410285857
528392034
4382540018
3940227650
4548186088
6348139384
5917866730
4039964052
2298843977
9489574333
2821371892
547544822
5842545320
9097427702
7503982390
2827005444
6085093338
4875030183
4547672981
1489512183
6499509661
4385549927
9127027921
1980546094
5284695949
6128037459
1220446128
5082099920
2242722385
6819208828
5914733639
3012769841
3002058525
7416972852
1245532056
8532134148
2165016546
4871356639
9490435127
9084116183
3876701420
2458906678
4237513426
96721649
2914310372
3540018706
5591431741
5963432463
6210001000
6943013980
1305993096
6573001288
5255636306
3771651476
9079599865
6639474481
8142743125
3582326131
2169284434
3817659146
5522553735
4368433180
9424704077
6724126565
7130533278
7029891764
5816894209
9718519706
9241916282
5106215412
8832690508
2839777257
3538990056
8744147079
2748915979
2627663514
7226615662
5575559120
9135500677
3547737048
416881990
3990467514
8368263272
7083561621
4838379230
744672782
3009092284
9563570870
622652725
4579463525
485772177
636058728
9780201648
3270206096
5020413912
5894562574
2366862568
2600951910
7958820511
9735164424
8994686897
5254777127
1363512595
2209913896
2565868793
5506038039
7804862836
3883413859
3525205246
1858879374
1006557636
1884750192
8368773385
7886064383
7063151676
7438234534
5040211909
3383778582
7772252621
3815075787
1141876074
5183655573
117845706
7126732742
2637260771
1630592339
4480197515
1787478424
1935213980
9283746423
4875392972
627448189
9566462813
3252305818
6727897172
150210196
106957797
7960275418
924876802
6488911664
6268061364
4641166644
3378737383
3339295929
2973090576
5513250954
967886656
7710347329
6630361243
5828868719
8081218302
9429365420
6972169648
954982714
6534020359
6771207735
5463095743
2155114699
698941486
6097176171
695013605
3857566228
5831026288
1396554555
6057193688
6787290823
4540826513
4213976783
2527261430
7901856830
3912701279
6425900008
8354811271
275260829
898724292
6994212514
4927553355
3839708887
8844395033
407767685
1584656143
8684602682
6840792726
4966758943
9459493432
7593462303
4254406485
9618731251
8605132578
4351546644
282529383
6601516
2221045588
1914810691
370655621
1296705107
4035801710
4851027371
7484418722
4422755303
2577073968
1119986276
2893615938
9263814699
5495816970
941855629
8036464911
6578756634
9706636571
1469694093
1464830224
1805967113
5377918988
4734178818
529089170
7262032385
3563007957
5504465749
3095874867
2135842846
4383414549
5781803470
2858351002
9293538014
7935474720
7898592397
1559102565
7730152539
3336551205
5991175767
8367427301
5169344800
3781315944
7780229847
240407220
8855891772
3120149218
1857768963
3468888747
9368792823
2639230542
8252776524
3116803495
1829530594
4361634354
2951856087
3118962501
5176162340
2514158781
933236284
3676467294
5821770615
5826517506
562655701
2521070054
7111676260
2658615112
209411531
7122152285
2264076029
4379113727
3383305493
4396557474
107036795
360418172
7390686575
3001193582
7027502298
8384612354
9965156824
6114833817
863103913
4377858638
3038313870
5649378214
9753773154
7801838754
2557211017
1562888949
2895684047
5405856311
1559580759
4375275860
3238893451
2870435421
788817506
4015927791
3877260688
5051748277
8205870087
2382558559
3553692019
7958996924
8257398708
5235533168
1459368079
9674586775
7737650131
8913397537
7968740589
1954101088
1118198981
7905213905
8028453737
8052147800
7992177275
8671120504
3565777297
9861529246
6666114213
819284079
845769869
7722909343
5151576268
2369177136
6676322398
4622007895
2596975265
9403837366
2506054989
9811441565
9444775513
8898267152
2383125955
4601926851
1786487479
6915532540
538678810
9830156314
808614173
2598305869
7201312540
7100514987
9026375057
5685581516
9661074156
1272039620
7188485413
2885692314
9439683784
7107261292
3056093340
3675938540
3236018272
5738558209
6220665334
4220664178
4626063255
4930021603
676261278
1837488895
181235913
1315513288
2091376384
6546741747
4710086165
2243134435
2391457704
