99 100
79 22
14 71
28 3
25 62
90 65
5 2
73 33
31 70
10 53
20 18
18 41
1 19
27 96
42 34
82 14
58 31
23 94
9 7
81 43
44 55
55 22
63 8
86 94
16 19
84 97
26 79
59 3
73 23
33 25
91 80
27 30
22 8
81 92
92 70
94 52
47 1
82 55
42 12
88 82
3 32
22 3
72 1
66 51
79 30
44 62
20 79
26 67
2 1
62 74
89 8
24 28
70 64
66 52
9 1
62 63
66 43
15 54
10 6
18 23
7 2
87 97
99 41
61 51
97 43
18 4
69 2
65 82
94 10
36 66
56 68
41 82
29 47
90 27
37 35
44 82
48 82
57 45
69 91
53 59
82 92
14 68
3 65
45 24
13 16
93 44
25 74
94 59
76 18
54 89
80 72
37 21
27 55
58 21
55 4
8 89
75 54
53 93
25 51
70 18
83 63
