100 4000
7560 8883
8004 9514
7715 9088
6367 7037
4071 9739
1565 6456
5819 8058
1439 8427
5547 5671
5669 7555
4504 9207
6759 8690
632 938
8115 9531
931 7732
9119 9315
973 8502
3544 5769
3777 8125
7019 8045
7354 7384
5291 9755
2299 8790
4027 7951
9496 9967
3878 5705
2794 9599
5463 9893
8172 8444
3689 9101
7185 8251
6902 8750
5596 7929
2362 3558
7365 9418
1214 5821
5857 8893
4719 6177
2283 6392
7532 8521
6687 9639
7087 8087
6574 7155
921 2758
6663 8530
943 7578
3546 5133
2980 8978
1510 6887
5550 9696
5399 8182
3208 9890
5322 8129
6315 8578
90 666
911 2653
8284 8786
2600 4954
7550 8993
5393 8694
3091 9684
8195 9718
2075 8371
1737 4459
3216 4168
5845 8836
3078 6228
5423 8108
3493 8331
7164 9381
9746 9985
9907 9910
3645 9836
8042 8142
9607 9785
609 2290
9382 9567
1777 5656
298 9957
8705 9631
8151 8913
5823 9480
2 8557
113 8868
9393 9892
4997 8249
1788 5695
6710 6760
96 125
9998 9998
5620 6767
5370 7905
2176 4658
5537 5561
4591 7350
1904 7019
5852 7156
3536 8631
3590 7611
9720 9842
5919 9116
5572 9859
3133 4390
9984 9999
2303 7093
7968 8213
8029 8904
1297 5645
90 101
8799 9638
4976 6702
3673 6705
3763 9016
2309 3103
4919 8426
3535 3845
8867 9053
4192 7768
3675 3705
1 12
7190 7289
7353 7614
3602 7129
8044 9110
3363 7544
5202 6715
6257 7997
8386 9069
974 1614
69 420
84 9140
6899 7470
1219 3580
4633 4654
1074 8385
5950 7057
9393 9980
844 3933
8122 8976
8982 9354
9734 9808
7537 8440
6940 8359
3087 6215
3734 4190
4153 8838
9291 9449
4144 5423
420 6969
4894 5436
4085 4862
2296 6636
5443 6132
8562 9357
3334 9759
9449 9612
9471 9490
5454 8243
1883 4125
6388 8625
6413 8125
328 9649
3333 5050
4667 7364
7235 7636
7712 9081
6776 9035
7865 8567
6338 9961
3498 9431
5014 8253
5467 7831
7966 9103
4395 9323
9335 9726
4111 6338
8720 9392
5896 9311
2196 7171
5598 6938
1248 2095
4949 7355
9561 9648
733 4788
9093 9374
906 4621
9187 9565
935 4043
4538 7794
8219 9668
2438 4092
5307 8128
4966 7406
8764 9780
5582 9432
3811 9070
2686 6779
6969 9696
4276 8277
6070 8251
2458 5173
2419 4792
7434 9699
5953 7376
2182 5567
9511 9895
1485 1803
9836 9938
66 6326
8110 9408
7034 7943
3859 5119
8412 9453
6077 8325
7391 9910
1943 4824
4944 6956
3591 7202
5927 6082
8000 9424
7048 8376
9967 9983
4264 5473
916 5150
2733 4557
1113 8263
3545 8527
993 3220
4225 5628
6134 6969
576 8366
6112 7733
4964 8514
5578 9714
5242 7650
9035 9038
6024 8244
6616 8027
1573 3644
3853 7334
26 5684
3002 4675
8862 9762
7910 8291
9405 9496
8028 9979
7785 7811
1196 8829
6070 6245
6514 7464
8937 9602
4999 5949
6033 6696
4979 6315
5301 8019
9354 9967
7092 8730
9012 9987
2731 7672
6258 9490
896 7092
1142 8892
6489 8694
3517 9284
2319 3319
9417 9542
6111 8767
1160 8292
5359 5726
4162 5969
6219 8262
3351 9423
4339 8677
4131 7749
6021 8951
4107 6442
8242 9777
6162 7326
6325 6650
125 6159
3775 5942
1477 9277
17 2449
7414 8849
3780 8429
1157 5713
6993 8357
4097 4508
6361 9022
9331 9971
9972 9996
6561 8478
8533 8607
1705 2273
2064 5145
92 8513
4990 5713
8950 9747
8105 8924
3921 4512
4652 5931
1005 6693
3490 4931
9540 9732
5937 7019
8529 9033
6771 9786
268 7591
6148 6698
7212 7975
6429 9451
362 8263
2172 7196
998 8897
8775 9521
4399 6018
2976 6993
8431 8484
1736 7088
9335 9984
9782 9800
7645 8541
1763 5399
7936 9915
5988 6236
5995 7928
2669 9048
7276 8393
9208 9242
6175 7342
751 3297
5513 9655
4632 4991
3891 6384
5156 9641
8272 8467
2572 6925
283 1884
2603 3459
5964 9302
1009 5042
9063 9641
897 5343
5402 7685
2784 4927
7359 7808
1593 8202
9351 9638
1041 1855
372 5321
2671 7608
2540 3779
5405 8600
2743 7254
2192 4052
64 6123
3280 8936
5082 5872
6866 7645
1425 6263
9184 9585
1857 8822
3830 8044
3469 7109
5575 8031
416 6998
7206 7460
6740 9586
1241 9006
7095 9882
3520 6030
2045 3709
4470 7756
6360 8113
9285 9972
2622 8821
9964 9969
4542 9995
1641 7924
6977 8711
1467 2303
3125 6105
8661 9249
687 9412
6706 8022
9797 9831
1808 6337
3486 7589
9799 9995
9854 9931
155 641
537 4610
5505 6354
3105 7412
5382 8091
1347 1747
367 3931
4103 7093
5789 9238
2323 9561
3154 9252
8390 9734
5576 8339
552 4079
6634 9751
4030 7069
9108 9502
3400 4269
7201 9504
9672 9755
369 733
695 859
3636 5880
6166 7390
7907 7996
1786 9375
7949 9425
3759 9368
5332 9754
4797 6396
4540 5488
4889 5819
4735 7494
2228 7676
3326 3615
5583 9332
1622 2674
2829 8371
5107 7884
8787 9614
5736 6365
1611 5663
3271 8915
1355 6772
7749 9737
2291 3595
5786 7854
2867 4966
7769 9644
2546 2581
1482 7454
1579 4140
9407 9568
656 8913
1847 8519
3623 7428
755 6599
8116 9676
1426 5746
7060 7455
7411 8024
890 5045
6545 7952
4912 7201
6948 9133
7363 7580
3424 8980
7335 8514
3598 8167
4069 9643
4448 6875
6598 7022
9758 9868
3054 4310
2195 9697
6394 9404
1408 3737
3702 9730
8517 9254
6478 9713
9054 9436
1174 6109
6001 6697
4516 6009
4707 9726
8114 9016
243 6347
2437 3663
3190 6735
7173 8563
5414 8474
5922 7415
2992 4041
6851 6872
5418 7658
9041 9494
2714 7357
2077 6566
7374 8684
651 5709
6514 9645
3217 4418
5031 9215
4966 7285
6600 9491
2466 6743
7002 7718
4099 8451
4557 8555
6003 9373
3325 5906
8292 8503
6549 9948
9537 9573
4421 5518
3919 5839
7102 9911
6511 6701
3265 4115
2976 5269
725 2693
4138 4528
6488 7293
8673 9341
1720 7988
3882 5920
709 4574
3624 8405
1620 8047
1569 6469
8194 9054
5202 9161
1824 9009
2454 5909
8404 9459
2504 5398
7430 9723
2638 6701
2398 9360
7405 9859
3043 9264
4247 9697
6842 9930
6631 8404
9050 9581
6923 9088
5224 8709
6280 9399
9062 9719
7740 9804
9870 9893
4909 5180
3926 8730
6002 7508
77 5252
2786 2830
9559 9624
1003 8676
6169 7201
4124 5041
2250 7092
4224 9706
9181 9411
9288 9897
9184 9917
7924 9951
3003 3892
8674 9392
9363 9808
2376 4781
6892 9227
949 3811
4956 6639
4431 5807
579 4235
2472 2916
6309 7891
5070 7979
395 2223
1531 4523
6450 9996
6752 9873
3919 7847
8137 8690
2179 9353
5309 7198
8401 8707
7261 8963
1722 7713
9522 9847
3404 4581
5295 6472
2973 6617
111 9062
5546 6672
68 5815
3733 4308
8895 9502
6588 8352
3082 8994
6202 7841
5624 7869
9058 9607
3306 3476
738 1412
7178 9067
3374 8754
6283 8400
129 9505
4113 9831
6902 8361
8836 9126
3437 4151
3499 6663
212 7338
7021 7111
9145 9298
981 3990
2511 5556
4324 9313
4483 8821
8774 9495
5257 7681
7953 8785
3927 7652
9582 9924
8903 9788
8136 9980
1412 6643
4577 8945
4192 4778
3924 7991
6517 9909
8730 8936
7632 9994
4503 7595
3363 7754
4398 9510
5400 8695
995 5196
1069 2237
1586 3269
4205 9434
8378 9038
1056 2872
7797 9901
8765 9789
4046 4811
7766 9880
9650 9970
3083 9108
6140 9159
1464 7486
8779 9148
8894 8960
5018 5050
3705 5161
9395 9925
5732 9869
2647 5975
7790 8239
2942 8872
7365 9753
1541 6575
4127 6025
6340 9674
8973 9698
8950 9854
2801 6371
3080 3781
4783 7435
2647 7767
9168 9628
7070 7268
2796 9813
2753 4886
3307 7225
1283 6000
2579 4289
861 5404
1653 4407
9576 9748
6683 6962
7864 8787
6740 7515
7431 8087
878 2923
2550 5787
3931 8938
1140 6336
6988 9627
7214 7800
7805 8697
1547 4297
9555 9995
5079 7719
3129 6927
5392 8273
3270 6206
6823 8199
3511 6217
9597 9892
2857 8700
1675 3707
1709 4567
98 1169
2329 4499
7377 8271
5145 9025
4074 6633
3609 7755
9403 9744
182 9424
4713 8219
7181 9923
5851 6400
7961 9675
2337 7850
4332 7104
7285 7886
6577 7512
9746 9929
9968 9974
4054 6632
8715 9751
4689 7884
221 8122
8556 9461
1863 5637
6650 9566
6668 7925
3758 8347
2178 8893
7494 8680
363 1849
6718 7434
2705 9429
9802 9860
9193 9622
7171 9520
3328 7665
7224 7500
6846 8057
2059 7446
1129 6187
458 6776
5443 9018
8198 8966
2097 9962
7438 9491
9818 9867
5402 8554
3358 9809
9007 9152
1350 3782
8523 9092
4004 8839
1535 6747
6898 7040
8579 9470
6630 7888
2822 8313
6855 8515
2982 7477
1368 6072
3975 7713
8529 8594
6143 8046
2311 6740
1230 4425
5930 5983
3942 4231
2255 7368
5211 8814
2514 6446
9686 9978
5025 8396
1717 3915
5953 6543
7834 9765
2021 2914
4916 5764
1006 9985
805 6049
6212 6894
1955 8534
6323 7086
2731 9323
7849 7884
7466 8213
775 7252
4258 6837
7804 9871
3509 4432
5684 8053
7615 8172
3237 7480
9896 9937
8320 9493
8214 9159
1102 8774
5254 6795
6225 8532
3569 8850
4314 4578
3575 5898
4649 7739
9507 9904
2557 5909
656 3468
659 4408
1782 6460
424 5231
7567 9739
9674 9678
528 2533
4856 7810
7832 8428
1415 5711
8077 8709
2926 8360
7880 9653
1617 8618
1168 6836
1694 9309
5029 6733
4416 6124
7714 8304
4944 7694
2993 4498
2108 4816
7992 9151
7780 7863
7297 8653
235 9964
7164 9011
4183 7961
2208 7518
5843 7911
6780 8658
8412 9992
2968 4649
910 4034
2423 9970
2395 5611
5891 7855
3255 8557
15 6958
2144 4636
9501 9798
4050 8619
924 7273
9521 9835
3067 6049
5878 9926
1272 6009
3080 6692
8322 8604
1515 3966
7536 9256
304 5004
5249 8457
7709 9205
5063 7866
2925 5263
3786 8618
2868 9324
80 1775
9869 9952
9119 9398
9924 9924
6469 7942
1399 7247
5233 9538
6725 8513
2989 9985
5496 7861
7528 7616
4377 8962
1394 6704
3310 4804
5494 8902
3241 3265
6045 6930
7590 9933
8739 8964
8728 9229
5230 5300
8037 8280
825 1555
7349 9642
9540 9544
6887 9789
6491 7586
3485 8198
7649 7704
4418 8154
8424 9398
3379 5450
341 6158
1219 2650
9505 9723
3168 7956
7034 8954
749 7893
5 8899
2815 9792
6271 9913
2453 9316
6785 9302
9003 9163
4579 8909
9643 9725
2136 6535
8825 9359
5643 9237
4709 6103
9554 9985
4904 8910
7355 9987
7336 8132
8923 9849
7808 8509
6982 9364
8992 9758
8740 9082
5969 9761
7654 9699
448 8753
3440 6732
983 5846
9711 9981
1908 5866
1290 2685
6687 9932
7916 8267
4016 7112
4687 7262
8624 9304
5617 5831
2485 2988
1625 3078
7781 8031
6849 8815
1058 8478
3751 5504
9380 9414
1686 2755
3600 4914
1918 9264
5087 7312
1689 1991
547 2070
6411 8974
4173 9771
2893 7183
1262 2009
5999 9712
5701 8110
5469 8763
8952 9354
2890 7961
7071 9619
1024 8322
5430 6515
4388 4810
4828 7900
728 4971
9409 9778
9366 9785
6036 9131
670 7067
4555 6097
8496 8658
2101 4161
4053 9023
951 7382
4839 5516
3199 5557
7103 9068
855 5740
1695 5432
6429 6632
1930 2834
8681 9482
2373 9788
8425 9821
6690 7576
6843 7912
2195 3145
4007 8289
2139 3909
2207 7728
6100 6319
9184 9530
4696 6859
1721 3061
9366 9940
5413 7256
7318 7450
387 5213
2909 4458
289 3070
7102 9196
3162 8976
5602 7978
9027 9196
1529 7472
8373 9514
1126 5625
7808 8642
1898 9852
1672 4455
1595 6072
8854 9809
6697 9211
7757 8522
7077 8377
9161 9550
8050 8608
6180 7894
2125 8779
8600 8690
3332 3794
9125 9831
5565 8378
4863 8225
7016 8217
9965 9980
7575 9214
9547 9816
1593 7999
7998 8216
5617 5776
2052 4754
3558 5025
3195 3266
3765 8788
6246 7721
5906 9164
1022 6153
6906 9591
3132 9362
8317 9734
1371 9104
741 9934
650 4391
6858 7437
2963 4614
4644 5552
5315 8862
5637 6964
8508 9607
1499 4773
6498 6788
2572 7877
3235 8107
956 2222
2519 8595
6007 6739
5772 8740
4597 4630
3652 8421
681 839
7879 8586
5531 6415
6382 6565
5796 7293
3345 5585
259 6406
8851 9577
8997 9860
5254 8296
1616 5022
326 2000
2050 8179
2702 5514
1889 4434
8039 8098
7495 9915
7997 9023
5793 9559
9845 9993
2335 5528
6352 6739
5425 5993
3455 6070
5848 9196
9563 9696
2137 5629
4804 7993
8089 8256
4592 6470
3722 9182
3575 6170
1218 5941
7547 8721
1744 5331
8913 8926
7154 7732
4473 8418
9534 9690
8923 9797
1372 3221
2470 4539
7529 7677
3363 7086
5736 7962
1586 7713
5652 9206
2985 8957
8791 9158
6383 9676
1484 8752
8586 8726
6269 7303
8726 9794
4359 6893
9212 9323
3560 6512
2167 9054
8135 9225
7732 9439
8874 9471
245 9610
6556 6834
159 4469
7448 7915
2249 7262
1064 1618
1346 4656
4734 9996
5423 8942
1738 6673
208 5870
1895 3087
7778 8982
7294 9188
7947 9562
5168 7863
1433 4121
223 1007
6551 8595
8808 9386
2794 2854
9641 9701
9358 9931
4795 9946
1316 8456
1286 5256
243 8786
7367 7954
7113 9728
546 1404
7343 9265
7792 9741
9958 9970
4280 8147
7606 9237
9013 9399
6780 9943
39 5099
2942 8698
1119 9055
108 4076
2992 7569
9764 9969
3922 5033
5697 8173
9995 9999
2162 3786
3679 5009
1041 3596
1133 1161
8637 9576
3282 7623
7098 7466
2351 5131
3126 3620
1725 5607
5968 8383
5085 6219
9815 9835
6788 9311
8740 9331
8931 8996
7792 8409
2130 4036
514 4399
667 1794
9312 9894
7790 9515
2319 9403
9587 9671
9872 9992
8795 9590
2758 6879
203 373
3010 3184
6138 6841
5911 7105
8043 8509
4526 4545
5174 7531
9600 9741
5862 8887
9204 9521
384 1148
628 2204
9285 9929
6255 7960
5601 8976
7549 8170
4251 7999
191 3871
6365 8718
6803 9945
5492 6124
5085 9262
6058 6576
8150 8227
3490 4702
2191 4718
9180 9348
5261 8623
384 4630
3057 8346
3935 5892
457 756
8560 9928
190 3021
1527 3399
5697 9961
1552 4605
930 4846
459 8594
769 1485
4790 7410
4154 4361
341 4661
111 1651
3298 5347
2006 2493
1938 9498
3241 4912
9335 9598
4787 6637
1702 9090
8454 8777
1090 4929
2506 4331
5533 8164
3574 6059
3125 6282
4519 5579
9690 9697
4533 6552
3536 8987
6242 9032
9463 9811
6785 9560
3449 7350
2997 7746
4524 7690
5642 7014
3239 9469
5670 8129
7264 7549
1612 8723
332 4512
5779 9065
8648 9312
3704 5355
2367 6274
6022 8324
2987 6125
9055 9501
2451 6430
7215 9982
7172 8327
2121 5088
8316 8526
5061 6089
4008 9919
4807 7152
6116 9732
5 439
920 6363
1868 4193
8425 9303
88 2791
8317 9235
6674 7052
965 1304
3423 9804
8107 9352
3057 9873
436 9641
9760 9898
3487 5644
862 1465
4255 7029
7309 9807
3793 8910
9198 9520
1385 7138
5245 8835
3076 8338
1506 6777
4848 7600
22 6243
8332 9423
6208 6448
1463 6425
488 5232
6834 9980
4185 4338
6117 9019
2549 6184
3957 4941
3011 9645
9758 9980
7611 9909
6722 8978
6945 8461
1242 4313
5924 9431
7573 9278
3220 5987
2847 4593
4462 6503
6410 7205
6398 8551
2555 9662
3611 4881
1101 2367
9793 9807
9121 9740
1901 2603
9750 9770
2936 6540
5448 8345
9920 9998
3542 4812
8226 8340
8274 9925
4536 7275
6170 6528
5023 8210
4509 5007
4333 7771
7896 9744
984 9425
9853 9997
7243 7656
7965 8825
2471 7023
4516 9090
8366 9946
6842 9930
405 8253
3197 8760
5713 9774
6437 7352
8478 9490
2010 8123
9734 9903
4630 8498
4314 9214
5505 8365
7730 9250
4705 9631
1962 4331
1213 5493
5552 8179
9438 9565
2321 7007
1037 4524
1063 8077
5730 7398
8185 9424
1695 9736
6185 9933
5832 7406
5628 7257
8700 9757
1033 2265
8542 9821
4358 4815
6806 7963
5598 7911
2395 8229
2529 7808
229 5003
3423 4226
5596 7639
5727 8518
9305 9306
4309 9320
4932 6055
700 6749
754 2227
9282 9784
7151 9594
1464 1650
5530 6712
6210 9263
4095 6086
7867 9307
8415 9717
5968 7833
7317 8323
2583 4431
8894 9170
290 2328
6414 7843
9360 9560
8646 8775
4130 9884
2155 2227
1795 2275
1423 2428
639 2602
4227 9170
9229 9981
2421 3058
600 2013
1996 2272
1785 5593
7618 8882
6410 8407
7851 9541
6587 8326
9477 9725
3049 9025
9801 9837
2889 3811
8490 9545
6449 6798
5850 9548
767 4068
2159 6247
1993 6149
6322 9730
5471 7933
4598 5200
4152 9361
311 3569
291 2860
8030 8202
1759 3421
2225 3105
9986 9990
1389 8988
73 9654
7940 8542
5608 7696
947 1662
2844 9668
8379 9109
6925 7576
5799 7674
9691 9971
8208 8772
5388 8911
1570 7542
3940 4546
2975 6629
2222 4437
9481 9972
4979 9585
7403 8694
534 7825
9976 9977
4393 8596
1787 8569
2483 5645
1244 9035
6129 6230
2606 9255
1526 5911
2021 5132
2957 6711
5577 6994
6946 7131
1176 6611
4463 9653
6725 8885
216 9459
5970 8982
3346 5980
5376 7071
4380 7623
384 9310
6971 9956
4007 5106
2010 7135
3116 7067
7082 8235
5445 6453
6380 7988
1247 9115
888 7096
4088 4259
6765 8002
1770 5064
9403 9589
5370 8848
6082 7961
4352 8108
6186 6685
1764 5988
7474 8511
2017 8372
2418 7698
8579 8647
6027 9035
8143 8279
6144 8133
6984 8253
674 5681
8291 9992
8734 9341
8652 9244
9710 9802
7751 9471
2523 3770
1359 2844
1277 8375
1920 3249
7956 9107
2897 4223
6408 8282
7997 8269
8863 9218
3352 9869
6999 9446
9427 9739
784 8036
8251 9151
3023 9649
2141 5701
1601 4560
2017 8009
8442 9821
6503 7243
314 1090
7967 9454
7907 9011
6532 9617
499 9273
1051 1080
7501 9591
8319 9514
5889 9560
2947 4572
7937 8352
5106 5785
7204 7240
9601 9969
2282 6772
3210 8273
6234 8772
6990 9902
1506 4867
5159 7391
5683 9559
4548 7228
4662 6038
3777 7152
9352 9423
6263 9444
8033 8337
3506 5524
5125 6973
4877 8759
927 6582
4097 7214
4417 6851
5468 6412
3306 6423
8629 9881
5208 8031
9713 9766
9081 9320
411 8165
8885 9982
6348 6954
7478 9702
1861 1978
6580 8269
403 8988
964 8813
3603 4300
9221 9290
854 5731
3353 5996
7107 9786
5087 5986
6325 9253
3886 6095
1841 8730
7443 9399
8564 9118
9606 9940
967 8192
8639 9829
7078 8898
4788 9246
5081 9884
453 1393
6996 8647
8061 9875
2214 8580
3136 4976
9927 9976
1541 3929
705 4411
1693 6501
9214 9368
7688 9506
484 4943
1634 8334
9245 9388
1472 9765
2724 4208
3714 8904
6652 6986
6370 9837
5989 7561
9739 9934
3586 7524
3493 6007
1894 9323
9381 9483
92 2147
9949 9951
8329 9857
7447 8257
8515 9773
2071 3084
7884 8849
2463 3425
2304 9906
4671 8833
9362 9405
3845 5311
5874 7710
4582 8895
758 6506
1180 7843
3394 9754
1007 3407
3673 6063
3202 6458
929 6700
7521 9034
5557 9810
7126 8776
2466 4471
2808 3281
789 7586
3970 7674
7276 7799
8051 9313
3254 7561
1741 9847
274 8622
6598 8499
9944 9946
7996 9440
4850 8310
9670 9856
5337 5566
7359 7499
1620 9563
4716 7050
8310 8359
4856 6140
4050 9848
6253 9212
9424 9520
9418 9634
6247 8098
8952 9254
9749 9956
4854 9259
516 9165
1576 2680
8597 9881
8092 8807
2884 5017
2840 8198
3681 9668
8370 9148
1023 1625
8015 9119
1475 2304
2214 8233
9715 9792
8523 9953
3185 5008
1049 9341
7344 9461
1629 2303
9154 9679
1112 9415
2172 7265
6695 8295
6629 6931
8468 9297
9956 9966
6180 6610
9669 9830
9533 9729
5541 7942
7241 8157
1653 9603
260 1933
1435 6921
650 3930
239 1751
6014 8506
3933 8734
690 4905
4660 9318
2477 2931
744 4524
6908 8456
6958 7841
294 4858
4928 7655
5790 7946
5543 5953
8516 9224
7609 8734
685 1963
9083 9862
6691 7761
8473 8972
8357 8561
749 8676
1884 5141
1095 3061
3000 9702
8764 9454
136 1226
836 6281
8062 8948
1781 2218
8969 9609
3675 5875
7989 8075
3358 5504
8228 9526
9373 9822
2713 8393
9263 9357
2323 4739
2682 3246
5143 6829
6343 9856
4542 6540
1701 8248
1863 6697
9300 9939
4530 4957
1338 9805
8282 8761
392 1674
8888 9734
4706 7512
9459 9679
5379 9404
9631 9716
784 6967
6724 7677
2524 7879
9212 9397
365 9098
6815 8191
8361 9998
1035 3928
1537 7147
802 3776
9495 9745
4698 7798
9077 9417
1704 8189
3811 7921
3902 4351
4533 6404
1988 9403
5989 6711
6896 8182
3911 3944
9691 9732
3805 6152
8698 8770
5523 6160
83 526
2304 6228
8075 8895
7526 8445
9988 9993
1348 9409
3315 5740
7505 9964
1498 9486
7795 9986
442 8964
1464 2241
5666 8783
58 6365
8354 8624
9170 9537
2276 3740
4738 8679
4630 5192
4946 5909
1884 6862
2961 4450
6336 7206
951 6301
7267 9589
810 6473
3373 7185
2863 7914
4963 7461
970 5404
1576 4138
125 4112
8228 9476
1923 9046
8670 9756
4454 9313
1419 1636
6252 9790
6432 7436
5890 9295
9474 9919
7718 9651
9212 9373
1204 8915
1226 6975
6813 7902
7772 8827
662 8547
1875 3563
8623 8924
3282 7990
1153 9304
6242 7195
395 7785
280 8440
5463 8839
5114 7703
4882 9305
7455 8171
5808 8727
1703 4759
6305 9998
2518 6698
1784 9298
3462 7969
9805 9847
9729 9740
2806 7886
2233 4820
7061 8846
3931 4343
9539 9728
7121 7584
7746 9391
2808 8879
466 1834
7567 9445
8998 9845
9849 9881
8125 9604
6071 7971
8404 8925
7015 9430
8134 8480
8915 9827
7994 8073
2908 5857
8598 8734
2445 5591
2492 4581
9791 9967
7609 8982
2780 5743
6499 8642
376 5464
3057 5812
7086 8939
1591 2113
2621 8757
931 2873
1618 6221
306 4290
1773 3731
1853 7771
3183 9119
9268 9493
8589 9249
2546 8987
4331 9276
9568 9877
4109 8919
9681 9873
9130 9399
1953 8362
4100 9828
9695 9709
7990 9247
2959 5732
9763 9972
4225 4236
3491 7627
5042 5672
420 1822
9258 9851
7633 7928
2433 8468
6982 8135
8718 9851
6277 8139
3585 9623
6689 7378
7898 9911
381 8184
1672 8302
5657 9144
7844 7866
7806 9974
8990 9734
7010 7336
9091 9767
2345 8528
2636 5724
1411 5049
7004 8581
1484 7321
4877 8774
7158 9668
4550 6549
5191 8845
3731 9329
8883 9617
1751 4984
563 4338
2804 2853
1162 7374
9368 9432
953 8681
6870 8387
77 7094
5865 9984
7999 9209
7862 8321
510 1659
7098 8993
6552 7833
989 5410
2065 2896
2097 5436
9589 9693
7434 8646
386 7502
6831 8022
5343 7987
8333 9925
3589 5495
7336 7716
9725 9919
4935 5899
8434 9756
9854 9958
1066 8437
298 6894
9574 9873
6683 8729
74 4418
9023 9794
1238 6971
6845 7208
6439 6494
9507 9778
5312 9148
2294 4303
24 5830
9069 9860
7229 8497
3467 9556
7086 9763
4113 6737
9610 9833
3777 8941
8149 9172
7214 8903
4213 5021
4737 9384
9308 9524
8390 8446
3983 8394
7872 8653
7065 7173
8200 9774
3855 6277
6316 8720
8801 9282
2473 7066
5550 8765
7171 8053
930 7207
7195 9091
905 5725
2483 3926
9974 9978
8143 9189
4370 7318
8033 8311
2907 6583
160 4255
3259 6766
7664 9630
1890 3413
1473 2641
5851 7315
1963 6472
1556 1620
4918 9655
569 4253
7796 8364
6139 9300
6617 9930
1684 3269
4625 9228
6859 8659
3954 6239
6474 9238
8438 8733
575 3205
5367 5450
3617 4885
6065 7634
5313 6214
9334 9341
7140 7499
1838 1856
9858 9967
2507 5986
5834 7296
8031 9346
643 7033
4359 9123
1057 2158
4764 6642
2472 9561
2021 5652
4561 7044
380 6157
104 4463
2923 9060
9196 9685
564 4035
9477 9669
1316 6222
8766 9253
7641 7938
3 8009
293 7571
848 7642
8796 9663
6090 9254
4927 9016
7611 9686
2628 9713
8605 8764
907 8849
4668 6721
9505 9873
2789 8968
8139 8911
1089 9018
1402 9524
2417 3532
1646 6301
6856 6962
6990 9505
2988 7730
5461 6868
1961 2985
4360 7826
211 6554
3573 3714
3726 5546
9288 9490
5000 7621
2128 4858
4702 5153
2989 6538
2840 3014
9633 9872
1058 4048
3025 7107
2702 3353
1795 9308
7957 8629
7213 7732
1612 6031
4221 4674
1106 1547
7973 8174
5537 9522
5644 6438
9681 9761
8105 9534
4487 4751
4740 8775
8086 8453
1759 7745
4325 7193
9350 9657
6829 6872
3621 5634
5964 8762
4769 9844
7243 7268
8235 9789
3293 6698
5268 8630
7445 8085
2579 4646
3677 9619
5003 9513
7784 9243
106 3004
3752 8877
4177 6962
716 4420
4689 6295
9769 9852
9852 9974
6630 6941
688 4398
4820 8879
7856 9443
8390 9784
6611 6790
6407 9851
8125 9247
4109 4408
9926 9947
4009 7293
5500 9592
344 5218
8565 9260
2086 8365
6507 8633
9673 9803
8939 9740
2354 5482
6094 8658
7435 8757
5602 7303
3362 6235
9558 9713
1122 3292
1901 5235
2875 7683
520 597
7266 8356
3727 4067
1425 6251
91 4147
6405 9504
4399 7894
6968 7247
6542 6598
5916 7879
146 6841
3720 7738
1116 4688
9191 9384
6518 7234
664 2853
4248 8541
5447 7713
5649 7617
8503 9940
142 8520
4321 6104
9836 9939
5009 7218
8023 9525
7477 9732
8114 9235
2278 3081
4253 7355
8748 9506
7727 8093
2472 8382
1252 2233
5198 7327
318 4821
5655 8201
6829 9962
868 7992
9073 9332
2210 2734
7324 9498
7373 8157
9935 9942
4550 7545
5864 6305
9013 9695
1499 5572
9650 9849
2633 3861
3749 3763
7278 9997
527 1303
7010 9729
4144 6054
4366 7870
3403 4711
173 309
1667 3546
3275 6849
2216 5022
5524 6518
4470 6756
6513 8276
2785 9106
2465 5679
2801 4269
6084 8252
3413 5208
6428 8194
4770 5324
3333 3924
8117 9960
3290 6042
4738 8003
1095 1440
3567 4766
1476 7438
5595 6270
4645 7520
7674 9285
7207 8225
6190 8289
3172 7767
7383 7965
8241 9267
4484 9667
6580 8170
8358 8383
4217 6975
5555 9448
5278 9450
2804 6898
7134 8929
9470 9523
2966 8239
8799 9763
7816 8404
4988 5361
5057 8369
9638 9972
3727 6733
9284 9491
4770 8343
6080 7076
4136 4865
3945 5377
3678 6949
8401 9570
3585 9451
246 4328
7794 9209
4543 4821
3636 4641
5238 7751
7959 8691
5896 7736
6756 7066
2473 6544
8142 9574
5861 7403
9412 9522
9608 9992
3111 9217
6387 6515
4658 5429
1307 1909
1551 7331
1307 6888
5282 6154
3781 5708
420 4029
8709 9036
1120 5045
9916 9961
1817 9573
5152 6202
9275 9674
126 9882
3799 7899
9433 9647
6709 6793
3752 4839
9847 9951
8124 9621
215 5547
8433 8921
2496 2579
4016 5634
4413 9952
5071 7223
1206 5183
3265 5720
1549 8879
7486 9721
7729 9686
4883 9484
730 4927
935 8862
183 4717
8728 9314
5684 6355
2553 9226
9089 9895
3683 5382
8749 9449
9800 9850
5883 8860
4520 7732
1024 6151
9726 9826
1616 9307
7596 8412
3457 5606
8895 9179
8803 9191
1284 9134
6954 8464
1833 5550
2356 4996
6949 8927
7624 8417
7658 8722
1639 3358
5235 9140
930 5566
1211 9660
1588 2234
5348 9064
1731 6330
6698 8080
2080 2213
7893 9714
9799 9905
7472 8656
6855 9516
5054 9917
8960 8982
1241 5700
7887 8271
5743 9511
6801 7573
4738 9075
75 6556
1449 6079
5591 9356
9517 9834
9774 9960
1704 3242
4622 6068
3971 9019
5962 6440
4694 6105
3020 5591
3177 7085
2707 6448
2465 7658
9831 9922
3679 8939
8153 8989
6408 8531
8651 9769
8152 9203
6242 8296
8626 9522
6182 9049
1402 7561
9319 9587
7329 7352
3103 4715
9273 9962
5079 7189
3848 8785
8412 9020
2056 7948
1295 9917
1446 8726
8283 9319
3599 6699
434 5984
3449 5106
4049 8712
9801 9907
1001 1435
1385 5557
34 2465
7389 9634
5054 8944
898 5237
2487 3036
6727 7330
6914 9532
6855 8718
1813 9464
6773 9391
3832 9645
965 6850
5433 6220
681 9758
9508 9811
3219 8118
5231 7637
2485 3165
5588 7127
4224 6340
7673 8560
7237 8648
3188 5916
8043 8789
5486 9060
2058 7758
1992 7011
8995 9196
5249 5925
8753 9686
1897 4387
568 5286
6169 9523
6786 9584
8414 9318
7133 9975
2611 2898
350 5916
5411 8098
5003 6894
5060 9548
5958 7619
5312 5887
1382 6774
6429 9521
7007 9763
8466 9223
7777 8549
494 9886
9282 9846
3585 8224
4091 4902
5111 8361
1298 2319
4126 5536
1381 8172
7887 8492
4434 5182
8482 8948
9272 9681
7471 7806
2928 3072
8143 9392
5161 6747
7001 9179
9796 9880
9903 9944
399 6727
2 1057
4296 8996
4452 5766
4415 7393
9898 9953
7786 9048
964 8107
3558 7216
344 3049
1521 8540
4907 7955
7838 7909
3573 6648
3427 4713
7023 9548
1541 9104
9200 9687
1696 3008
7458 9967
3245 8885
9767 9889
1321 6798
4809 5709
1618 8599
6278 7576
3436 9047
6398 8519
8235 8921
5609 8441
5569 6623
2870 9169
8746 9313
3158 7573
3485 6744
838 3288
4834 9004
6250 9253
6419 6514
3777 9884
2956 5787
3550 6088
4014 5370
6860 7556
3465 7267
3614 8257
8067 8346
5103 8473
3060 6485
5071 8673
1534 7890
7755 8911
3473 4895
5585 8410
7621 9276
7513 9089
6436 8519
8272 9556
7100 7481
4709 8217
2892 8366
689 6658
2313 3509
2971 9407
1399 3718
9732 9811
1145 5246
7978 8693
5193 6476
4021 5429
4425 7638
249 3486
9701 9853
2134 9361
3150 9753
1339 7900
632 1180
2935 3503
6129 9293
2127 6357
7182 9311
7873 9784
2512 2641
650 5132
7048 9921
5982 8948
7393 8555
5058 6850
1804 6145
7518 9546
8390 8585
1206 3088
3949 5937
814 4473
1248 8944
4214 7882
2509 7421
3689 6689
5676 7796
5817 6321
3324 3983
5673 9430
4734 5987
9857 10000
6878 9147
7013 7845
4294 6553
7106 8689
6473 7240
8684 8945
8122 8557
3323 9077
8936 9649
12 9046
5838 8846
9171 9277
6764 9846
7855 9468
7404 8920
3242 7211
7794 8217
4279 4586
7137 8502
6895 8279
9994 9997
3612 5295
9093 9539
1392 4966
828 5809
8899 8922
3066 3813
6626 9521
7214 9933
6278 9789
6191 6689
4425 5130
8799 9410
8065 8146
1655 2413
67 6003
7925 8641
3058 7786
54 7315
3441 7587
1324 9974
4340 6904
7843 8688
3694 8176
4494 9940
6006 7501
9061 9302
7209 7869
7628 9932
3203 8975
3112 4290
2189 5223
3368 8333
3210 9080
488 5416
2354 3290
9362 9803
4509 8518
6378 9480
2343 2519
124 8151
8711 9359
9130 9851
8644 8830
622 2675
7090 7606
7701 9280
91 5905
6918 8836
6020 6545
8121 8546
2020 2338
515 865
7669 8690
821 9727
8614 9666
2354 5208
9127 9569
3820 6776
2194 5144
6010 9745
3509 9776
3512 7783
5072 9750
5563 8148
486 4665
4171 6389
3618 5381
2266 8561
1922 6872
7068 7776
3006 5531
7443 7507
2414 7103
4749 8335
7920 8763
697 1024
4867 7413
2237 7908
6992 7006
4689 6641
9284 9463
3589 4055
9764 9920
1608 6536
339 4904
5134 7743
3052 8553
2786 5938
9990 9991
9221 9237
553 3945
4830 7273
8414 8449
2180 5542
6498 6708
275 2178
5736 5896
1278 7219
4342 8632
9956 9993
125 1113
1170 8097
7191 8315
5270 7935
9686 9945
7102 9774
5999 9311
1732 8656
6121 7312
3414 7140
1411 3423
7840 8940
4438 8580
2058 7146
6562 6623
2467 2766
1094 6209
9138 9545
4672 6986
7910 8112
7024 8380
283 7745
9169 9315
785 3114
2911 3282
7282 7616
1905 2497
4333 8054
2158 5020
8740 9477
8097 9725
5185 5201
6051 8360
6736 8126
2856 7952
8384 9341
2509 4878
6528 7563
903 8320
6382 8623
7 4884
9160 9246
6839 8901
1935 4250
6166 6960
9686 9896
6030 6503
6930 7871
761 6326
9663 9927
5018 6158
3597 4828
733 3385
4484 6611
9851 9998
967 5161
2902 3786
3662 4701
2043 5159
452 7448
7038 7862
5432 6878
1226 8202
84 319
8429 8463
484 7075
7163 9388
6730 6934
2225 8680
4657 6651
6793 9193
9251 9825
3321 4184
5841 8131
1213 4602
4381 5927
2870 3393
8339 8731
9864 9976
3940 5843
2734 3461
3972 7913
9497 9740
3290 4649
301 3077
5046 9751
8735 9928
5668 9135
6096 6872
1863 9027
183 8070
1785 3736
7939 9984
5011 7202
1556 9074
2156 7497
7399 8933
5030 7042
335 8802
6316 8914
8540 9830
7626 8864
2800 7991
3646 5518
8345 9244
9653 9815
6094 9769
9325 9794
4806 6628
1854 6321
1006 3629
7044 9684
6901 9718
6194 6939
8914 9536
5068 5476
3705 5279
7877 9486
3602 4381
2305 6175
9208 9582
637 908
4430 5097
7866 8268
8124 9967
3074 3349
3515 8032
942 9951
8017 8214
8624 8628
6434 6712
9413 9468
4818 6795
519 9365
3617 8148
2716 6408
2350 3416
363 9148
249 5192
1065 4789
3101 3386
8416 9368
9260 9973
1328 8474
5256 7277
2054 2109
3817 4843
8673 9976
5794 8467
2593 7158
2722 8636
757 5014
513 5401
4026 7246
5030 5614
60 5366
8430 8685
2159 6011
7862 9320
1078 1953
3791 5889
6620 8704
4047 6837
6219 7417
7987 8326
7744 9114
449 2451
281 8936
738 5391
2022 5290
5666 8587
357 1575
5113 9077
2437 7873
9008 9369
9119 9704
9507 9592
8259 9798
5727 6919
376 3370
7190 9450
1984 4058
3588 3772
9189 9589
8760 9839
4577 8424
9100 9609
5448 7619
5807 9255
3298 5975
1396 6784
9813 9911
5972 6861
5329 9809
8894 9875
8 7937
4417 5822
2550 9833
1198 3980
898 9555
6011 8145
4342 7016
9122 9822
182 5573
9303 9340
6385 7443
3447 4466
1152 2204
422 6166
2544 3491
8462 9175
8899 9902
4228 7299
7515 7890
9936 9964
8532 9318
8200 9387
2180 4137
2626 8552
3186 3605
7926 9266
2541 9670
8033 9706
3107 8573
2012 4117
1215 7471
7688 9109
8788 9565
3418 8860
4401 8757
9211 9481
4342 9525
4829 8129
9404 9685
7200 9596
7990 8834
7885 9173
3877 4143
6551 8227
5523 8867
4035 4965
9517 9697
8018 8062
5217 8433
6840 9609
5234 6995
1041 4045
101 9159
5790 7499
6098 9544
2503 8866
4900 9459
6345 8121
5890 9171
3554 8850
5073 7783
3239 5622
783 5035
4014 6301
1845 8101
8013 8636
9856 9966
1477 4114
5599 8862
6209 9667
3084 4376
4864 9634
496 5518
6063 7318
3910 8854
6348 8720
224 1325
5584 9384
6101 6228
836 2758
5980 8266
8819 9121
4446 4601
4830 7837
7674 8860
4196 7179
7311 7373
8286 9790
2691 7483
4107 8325
2090 4884
1998 4541
3302 4733
4287 6841
4429 7242
5884 6918
8517 8674
8657 9230
397 740
2288 9651
5004 6333
2005 7620
5902 8683
1465 7703
9835 9957
3928 6131
9308 9572
7484 9505
3425 4750
9723 9945
5164 6658
709 8971
4758 6755
1176 4281
4016 8982
8750 8945
5297 8444
5437 5642
3934 5433
2527 7129
2869 6549
601 1351
9487 9562
7651 8445
4160 9284
8012 9166
2313 6152
6670 9912
7923 8760
7106 7594
1619 2054
6961 7884
9424 9475
2646 9451
5596 8255
4385 7263
7044 9541
4307 7941
8885 9326
7939 8804
6079 6830
9371 9851
6672 8963
3223 9322
8138 9102
9934 9983
3228 6836
8698 9953
9679 9965
6678 6864
3258 9141
3267 6645
560 6369
8840 9491
7138 7904
7353 9849
1111 2719
1719 5149
2194 3402
6276 9113
694 9021
2002 7346
4374 4839
1077 4535
330 9011
8246 9783
2409 5530
6400 6754
8826 9147
138 3628
7177 9575
9398 9795
7938 7995
7362 9549
3640 8390
2508 6319
9790 9883
4816 7751
6032 9541
3831 7323
5246 5841
111 8121
7320 9660
1303 8936
1133 2153
9024 9354
6120 6831
1569 2537
7026 7619
2112 3476
9029 9608
3127 5201
2823 7935
4158 7746
7607 8034
8718 9065
6155 9232
6665 7343
9612 9695
6679 8592
9828 9882
2499 6249
224 5842
4849 9657
2151 8796
3747 4527
9275 9425
3582 9340
973 1936
4857 8948
8747 8992
9220 9341
6141 8427
4337 5867
4892 5617
8328 9235
6708 6863
2569 9570
2113 8990
6991 7492
4483 5275
9747 9800
7217 9140
6147 9230
5982 7579
8773 9582
685 1521
6688 9233
8128 9264
7294 7377
1191 2194
2054 6799
8338 9305
4066 5487
5101 9355
8066 9754
8008 9935
2206 8306
8305 8449
4885 7222
3847 7368
649 4501
1740 2319
7369 9616
2341 6670
9639 9758
8854 9304
1279 1364
9597 9912
350 2727
5422 5775
201 4718
1 6226
3601 6583
8885 9179
2407 3879
1592 2687
6026 6198
6859 6914
2923 4073
8973 9387
8805 9549
6208 8363
8128 9748
6829 8818
7933 9791
2428 8455
6094 6492
3384 8717
6537 8439
3339 4360
6250 9265
4161 8954
4519 7110
7322 8931
4351 8472
872 7035
903 7768
2145 6664
4894 8419
6831 7403
3343 6129
7189 8400
7531 7856
3052 9935
2445 9924
6343 8046
2332 8140
5036 5751
6224 8696
6725 7981
9247 9562
5789 9553
1760 4745
7683 8797
4456 5949
6017 8298
7696 9001
1901 9902
609 9791
9312 9366
4433 5445
3111 5403
2776 5152
5693 7113
6819 8720
5058 6514
4291 9826
1025 5602
3891 7181
1840 6440
5409 8354
2028 5985
9246 9624
7988 9359
1138 1876
2219 8381
7094 8628
6985 8511
8855 9449
5791 8176
406 9142
30 2686
5618 7181
1314 4803
579 5975
5198 5946
6018 6797
4012 9849
9992 9994
2057 5274
178 9919
6627 7854
3696 9041
3750 4372
7942 9597
5688 6785
30 8090
8966 9266
9240 9448
6993 8295
2801 4715
4802 5600
8083 8195
8005 9332
2624 4499
6825 7780
5588 6669
9254 9364
9764 9997
2601 5901
1835 6432
5113 8708
6120 7718
237 3428
1598 3366
186 4532
7044 9061
6530 8643
3251 6589
1094 9691
7514 8298
4125 8877
667 8979
1069 1853
1738 5036
1186 9459
2914 3744
806 856
2411 8640
1201 2128
1576 2831
5021 9253
3934 9370
2371 5110
3602 6215
4655 5748
3760 7230
4450 6096
9597 9659
1096 2790
9773 9987
2971 9806
1946 5443
208 4481
9906 9947
5507 8669
2902 5160
8296 9014
5492 8814
8566 8972
4918 9600
7222 9745
7469 9211
6918 8476
9592 9673
2835 4447
1901 3437
8395 9359
101 5364
8072 8204
9206 9226
1683 5949
25 4351
6388 9638
9791 9952
6358 6907
2636 8031
7764 8325
5308 9828
465 6865
3032 4456
9212 9454
3207 8494
1229 1932
7201 9413
4859 8265
1994 4541
9862 9974
5236 5251
6666 9396
4272 6926
3284 5451
9358 9879
3163 7895
5216 7176
6298 9606
5839 6206
436 7298
6760 8157
4332 8464
4611 5946
5804 9377
5581 8659
3858 6760
4530 6137
2573 6463
230 8929
7863 8130
433 2992
4287 8557
6843 9816
4637 9675
4741 7808
7165 9891
3715 6903
9550 9664
3551 6438
2265 4529
8661 9197
4790 9825
2227 3042
2458 6701
7233 8648
7308 9804
1464 3758
3970 7901
6971 7269
4462 7109
6684 7759
3215 7351
880 944
1615 6401
2759 4689
1903 7367
5873 7001
7209 9355
8341 9614
5546 7766
411 2479
8492 9902
7880 9560
3206 3670
8878 8986
3889 4243
7853 8128
5930 6637
735 4441
7942 8572
2228 6416
1271 7923
761 6850
6393 7742
8771 9546
4380 5073
7657 9656
60 9466
1498 5724
3929 6413
6119 9719
2385 8387
3193 4348
139 8382
3637 9731
9898 9951
8247 8880
4130 8193
5184 7511
397 4194
8338 8810
4297 7259
4249 9138
8013 9920
3151 6738
4323 5574
2419 3881
7729 8651
7594 7618
4422 6352
939 6124
711 7245
5400 6562
3673 9849
4346 8555
9487 9585
6517 7028
2916 5596
127 3129
5175 5610
714 8607
8607 9607
6486 9325
7403 8841
6420 9692
1795 7027
4437 4877
1083 5001
165 7429
1546 7692
2713 8756
3245 7533
9902 9903
7305 9655
4455 6178
2686 7598
229 5189
26 344
4806 5581
1024 4652
2469 4718
8189 9601
5582 7262
6367 8065
2748 5023
2762 7402
6662 8429
4513 6196
322 1393
197 3477
9998 9998
439 3911
6405 8776
3735 6273
4120 9782
1501 4604
9277 9371
1990 9248
7636 8811
2186 3090
6841 8644
7318 8300
3142 8386
9895 9951
4143 6702
1737 9104
8986 9971
7059 9728
7093 8057
6787 9656
6081 6460
4293 9346
409 5642
9377 9673
5602 5712
5963 7478
3621 9102
5637 8750
2171 9402
8396 8534
9369 9938
1552 2766
4716 9824
5413 9979
114 4968
5151 5903
252 916
4320 8526
5688 9604
2398 9126
3518 6068
7154 9395
5750 9335
9549 9575
2190 7199
3397 8768
2426 9867
19 5076
9497 9746
731 6851
4211 5500
7774 9072
8015 8032
6600 7677
1731 3025
7525 9146
41 665
7778 7983
2303 5876
2167 5017
7993 8032
3270 4620
2601 9794
939 6104
7211 9256
5428 8838
3637 9072
7826 9636
4890 5830
2763 3991
3455 8652
7362 7504
3110 3997
4410 9389
6830 8607
80 2743
902 2621
2409 5148
9848 9861
4383 8303
3323 8981
9047 9959
14 8719
2081 3532
1724 1740
1172 6819
4322 6174
3215 5041
78 272
4641 8594
8357 9332
4792 5930
4694 8775
399 1174
50 9485
6399 6897
3135 7706
1969 4326
2521 7729
3957 4871
6605 7564
2391 7417
5395 9795
929 3002
9027 9862
8215 9138
757 2608
881 4582
596 6142
3942 4918
4532 7959
7723 8557
3358 3768
7641 8973
1564 4877
6625 9094
1450 1632
3124 8118
2287 4079
7240 9593
2179 8158
398 9746
5547 6360
4059 5719
1397 1517
9496 9507
2912 5732
7356 9450
2814 4201
433 9140
2994 3086
8187 8589
2048 6716
3032 8645
1715 4389
8815 9061
7581 8570
2024 5687
2017 3418
5834 8436
6876 8367
2159 6084
2921 6197
4990 6643
1154 5518
1576 4335
4257 5264
2416 7949
9978 9994
3711 9838
8357 8659
4405 4494
4674 9645
485 6407
380 4675
1812 6148
9417 9723
2180 9204
8542 9631
1334 6698
9615 9715
5896 6303
7939 9893
1166 7715
7512 9994
903 2994
6506 7318
9790 9984
8046 8182
2010 8915
4547 8675
3814 7248
139 5651
1232 9346
4612 9757
9511 9753
5840 6863
7609 8423
5224 9692
248 8498
7527 9422
3892 5639
2535 6901
9141 9182
2717 4825
5241 8499
1509 8013
729 6658
3123 4967
6396 6828
9327 9421
986 5944
3554 7753
3436 9733
7086 8405
8153 9176
5160 7836
6996 8163
8603 9789
9636 9803
8401 9000
4768 7678
7677 7994
9801 9945
4915 6202
4721 9740
2677 6632
2737 6230
6797 9041
6375 8172
5810 7202
577 1454
6379 7924
8467 8584
4492 5085
966 5398
9688 9743
8926 9291
9212 9640
5409 8901
5766 7411
8619 8935
3673 3708
3911 7653
5330 6224
8549 9539
2378 9828
5542 6653
187 9729
6760 9160
4630 5807
8926 9000
3122 5991
6414 8009
1331 4735
5976 8247
1248 5176
5433 7445
8568 9870
1421 2148
1118 4248
641 7124
9660 9812
2154 7771
2953 9906
1204 5905
6507 8882
2548 4828
8391 9976
8563 9788
7089 8865
8296 9725
7874 9112
3810 6879
5023 9191
7542 9603
8919 9752
4881 8917
8580 9149
6131 8428
7042 8367
1178 8891
6001 7053
6038 6759
893 5773
2507 9629
4140 9168
4734 6875
6257 6908
1510 3222
160 6788
807 2567
5428 9622
2506 5662
4835 7623
2150 3842
815 8534
2304 5177
1179 7940
2591 5058
5727 6706
8071 9537
1837 3956
770 1151
3345 7677
5638 6506
6038 9528
9676 9709
1857 4646
9522 9706
7892 8636
7672 9550
8687 8989
9984 9990
9534 9697
9599 9682
7325 9145
3655 5515
9851 9977
615 5978
183 8789
1404 1712
5191 8771
4413 7290
7243 7423
9077 9801
9641 9894
4281 5875
9354 9673
4249 9175
1940 7573
987 6483
7428 8935
3604 7975
6364 8599
8478 8894
1282 3234
2174 3098
2986 4486
370 4128
7577 9530
4696 5224
6757 8686
4843 5452
9949 9986
2110 7052
4037 5492
6854 9041
4841 5984
969 8790
8643 9077
5584 7965
8662 9414
3875 4575
437 7773
3387 5674
2932 4742
9908 9986
6008 8584
1812 6490
9012 9206
8007 9186
4658 7482
7084 7441
4002 5742
4465 7677
9910 9997
9071 9390
2338 9736
2678 9275
4109 4206
5034 9420
6431 9434
9517 9869
1507 2931
7343 8169
9684 9725
3969 5306
6644 8607
5206 6363
2487 6193
8320 8709
8021 9941
422 7467
9507 9920
9763 9994
8737 9099
5454 9284
8391 9625
2094 8094
2791 8062
7533 8919
4993 9244
8657 9640
1558 1818
653 8837
3628 6478
500 2007
7474 8663
454 5361
2085 5349
9619 9737
759 1079
6376 8573
8855 9986
1081 4356
3859 4900
2551 9478
5215 6596
9925 9983
2894 7877
8072 9232
674 6125
9167 9889
3442 9599
378 3717
1458 4957
18 7045
2448 3603
4944 9518
7708 7967
549 9366
2018 7654
1362 2528
4101 6703
2386 8772
3199 5048
6892 7629
2466 3875
3605 7971
742 7112
9119 9912
3369 9608
3780 6530
3367 3666
2469 4272
5565 8181
5348 8666
1931 6056
7927 9789
3873 9975
194 4623
3483 3522
7843 9317
9722 9737
6799 8718
3491 8368
3667 7379
2309 4551
7167 9987
9519 9593
5197 8643
1392 6432
5939 6960
6721 8568
1087 4170
9237 9367
1515 3184
1852 6702
4559 8133
3001 4515
6961 8896
1188 6274
9327 9624
9327 9651
9655 9683
166 4102
5395 6251
2392 2643
7260 8842
8798 9328
9598 9644
6568 7070
4257 4351
5516 7923
4221 4672
6945 8833
8172 8546
2480 4707
9430 9964
7722 9092
4392 9150
996 7565
1601 6375
3379 3884
6505 7158
2177 6532
4847 9911
4807 4810
6648 8181
264 7600
8446 9014
6391 7293
3169 7387
114 4549
9381 9821
5077 8130
9833 9937
7802 8017
4805 9954
7707 9037
3961 4417
1246 4287
189 5421
1853 2574
8543 8691
5628 5726
2673 8433
5821 7384
4056 8015
3819 7797
3763 4797
7675 8199
7299 7500
1854 7241
514 7776
5513 9410
431 1537
703 8919
4334 7227
1284 7917
5635 8035
3087 5262
4821 7709
7407 8046
7338 8869
1905 5218
7878 8867
1148 4979
9645 9717
8989 9534
7591 9169
7370 8393
2992 3108
2633 9515
398 6596
1497 7811
9605 9633
6278 9853
5190 6665
7987 8125
7559 8240
3307 4107
3420 5759
222 7913
41 4457
2128 3697
5712 6543
3822 9667
282 4532
8153 9008
6251 7843
9738 10000
9384 9664
3283 4383
739 6232
305 7520
1431 6676
8347 8843
3825 7580
7102 8146
4010 8438
8565 9357
204 9333
9450 9903
2247 6229
9810 9838
4412 7788
8293 8389
4274 5695
149 3202
3743 8156
4945 8091
7443 7895
4250 7365
9304 9882
1155 5489
3791 4150
1952 3501
